{
 "cells": [
  {
   "cell_type": "code",
   "execution_count": 1,
   "id": "breeding-typing",
   "metadata": {},
   "outputs": [
    {
     "name": "stdout",
     "output_type": "stream",
     "text": [
      "Welcome to JupyROOT 6.16/00\n"
     ]
    }
   ],
   "source": [
    "import ROOT\n",
    "from IPython.display import  Audio\n",
    "sound_file= 'sounds/dscybsit.wav'"
   ]
  },
  {
   "cell_type": "code",
   "execution_count": 2,
   "id": "forbidden-kuwait",
   "metadata": {},
   "outputs": [
    {
     "name": "stdout",
     "output_type": "stream",
     "text": [
      "\n",
      "\u001b[1mRooFit v3.60 -- Developed by Wouter Verkerke and David Kirkby\u001b[0m \n",
      "                Copyright (C) 2000-2013 NIKHEF, University of California & Stanford University\n",
      "                All rights reserved, please read http://roofit.sourceforge.net/license.txt\n",
      "\n",
      "[#1] INFO:Eval -- RooAbsReal::attachToTree(mass) TTree Float_t branch mass will be converted to double precision\n"
     ]
    }
   ],
   "source": [
    "file = ROOT.TFile.Open(\"../output/Charmonium2018B_test/dstar_charmonium_2018B.root\")\n",
    "\n",
    "mass = ROOT.RooRealVar(\"mass\", \"\", 0.14, 0.16)\n",
    "data = ROOT.RooDataSet(\"data\", \"\", file.Dstar, ROOT.RooArgSet(mass))"
   ]
  },
  {
   "cell_type": "code",
   "execution_count": 3,
   "id": "protective-permission",
   "metadata": {},
   "outputs": [],
   "source": [
    "## Signal definition\n",
    "\n",
    "# Gaussian 1\n",
    "\n",
    "frac_g1 = ROOT.RooRealVar(\"frac g1\", \"\", 0.2, 0.0, 1.0)\n",
    "mean = ROOT.RooRealVar(\"mean\",\"\", 0.1455, 0.14, 0.16)\n",
    "sigma_g1 = ROOT.RooRealVar(\"sigma g1\", \"\", 0.001, 0.0, 1.0)\n",
    "\n",
    "# Gaussian 2\n",
    "\n",
    "frac_g2 = ROOT.RooRealVar(\"frac g2\", \"\", 0.25, 0.0, 1.0)\n",
    "sigma_g2 = ROOT.RooRealVar(\"sigma g2\", \"\", 0.001, 0.0, 1.0)\n",
    "\n",
    "# Pdfs\n",
    "\n",
    "gauss1 = ROOT.RooGaussian(\"gauss 1\", \"\", mass, mean, sigma_g1)\n",
    "gauss2 = ROOT.RooGaussian(\"gauss 2\", \"\", mass, mean, sigma_g2)"
   ]
  },
  {
   "cell_type": "code",
   "execution_count": 4,
   "id": "hundred-venice",
   "metadata": {},
   "outputs": [],
   "source": [
    "## Background\n",
    "\n",
    "# Phenomenological threshold function\n",
    "\n",
    "#dscybsit.wavyield_back = ROOT.RooRealVar(\"yield back\", \"\", 5e4, 0, 6e4)\n",
    "p0 = ROOT.RooRealVar(\"pzeroz\",\"\", 1, -2, 20)\n",
    "p1 = ROOT.RooRealVar('pone',\"\", 1.1e-1, -10, 10)\n",
    "p2 = ROOT.RooRealVar('ptwo',\"\", 10, 1, 20)\n",
    "#\n",
    "back = ROOT.RooGenericPdf(\"Phen thrs func\",\"\",\"(1 - exp(-(@0 -0.13957)/@1)) * (@0/0.13957)**@2 + @3 * (@0/0.13957 - 1)\", ROOT.RooArgList(mass,p0,p1,p2))"
   ]
  },
  {
   "cell_type": "code",
   "execution_count": 5,
   "id": "proved-female",
   "metadata": {},
   "outputs": [],
   "source": [
    "# Model definition and fitting\n",
    "model = ROOT.RooAddPdf(\"model\", \"\", ROOT.RooArgList(gauss1, gauss2, back),\n",
    "                       ROOT.RooArgList(frac_g1, frac_g2), ROOT.kTRUE)\n",
    "\n",
    "#model = ROOT.RooAddPdf(\"model\", \"\", ROOT.RooArgList(gauss1, gauss2),\n",
    "#                     ROOT.RooArgList(yield_g1, yield_g2))"
   ]
  },
  {
   "cell_type": "code",
   "execution_count": 6,
   "id": "alpha-advisory",
   "metadata": {},
   "outputs": [
    {
     "name": "stdout",
     "output_type": "stream",
     "text": [
      "[#1] INFO:NumericIntegration -- RooRealIntegral::init(Phen thrs func_Int[mass]) using numeric integrator RooIntegrator1D to calculate Int(mass)\n",
      "[#1] INFO:Minization -- RooMinimizer::optimizeConst: activating const optimization\n",
      "[#1] INFO:NumericIntegration -- RooRealIntegral::init(Phen thrs func_Int[mass]) using numeric integrator RooIntegrator1D to calculate Int(mass)\n",
      "[#1] INFO:Minization --  The following expressions will be evaluated in cache-and-track mode: (gauss 1,gauss 2,Phen thrs func)\n",
      " **********\n",
      " **    1 **SET PRINT           1\n",
      " **********\n",
      " **********\n",
      " **    2 **SET NOGRAD\n",
      " **********\n",
      " PARAMETER DEFINITIONS:\n",
      "    NO.   NAME         VALUE      STEP SIZE      LIMITS\n",
      "     1 frac g1      2.00000e-01  1.00000e-01    0.00000e+00  1.00000e+00\n",
      "     2 frac g2      2.50000e-01  1.00000e-01    0.00000e+00  1.00000e+00\n",
      "     3 mean         1.45500e-01  2.00000e-03    1.40000e-01  1.60000e-01\n",
      "     4 pone         1.10000e-01  2.00000e+00   -1.00000e+01  1.00000e+01\n",
      "     5 ptwo         1.00000e+01  1.90000e+00    1.00000e+00  2.00000e+01\n",
      "     6 pzeroz       1.00000e+00  1.50000e+00   -2.00000e+00  2.00000e+01\n",
      "     7 sigma g1     1.00000e-03  5.00000e-04    0.00000e+00  1.00000e+00\n",
      "     8 sigma g2     1.00000e-03  5.00000e-04    0.00000e+00  1.00000e+00\n",
      " **********\n",
      " **    3 **SET ERR         0.5\n",
      " **********\n",
      " **********\n",
      " **    4 **SET PRINT           1\n",
      " **********\n",
      " **********\n",
      " **    5 **SET STR           1\n",
      " **********\n",
      " NOW USING STRATEGY  1: TRY TO BALANCE SPEED AGAINST RELIABILITY\n",
      " **********\n",
      " **    6 **MIGRAD        4000           1\n",
      " **********\n",
      " FIRST CALL TO USER FUNCTION AT NEW START POINT, WITH IFLAG=4.\n",
      " START MIGRAD MINIMIZATION.  STRATEGY  1.  CONVERGENCE WHEN EDM .LT. 1.00e-03\n",
      "[#0] WARNING:Minization -- RooMinimizerFcn: Minimized function has error status.\n",
      "Returning maximum FCN so far (-93783.9) to force MIGRAD to back out of this region. Error log follows\n",
      "Parameter values: frac g1=0.2, frac g2=0.25, mean=0.1455, pone=0.11, ptwo=10, pzeroz=-0.0222158, sigma g1=0.001, sigma g2=0.001\n",
      "RooGenericPdf::Phen thrs func[ actualVars=(mass,pzeroz,pone,ptwo) formula=\"(1 - exp(-(@0 -0.13957)/@1)) * (@0/0.13957)**@2 + @3 * (@0/0.13957 - 1)\" ]\n",
      "     p.d.f value is less than zero (-0.067382), forcing value to zero @ actualVars=(mass = 0.16,pzeroz = -0.0222158,pone = 0.11,ptwo = 10)\n",
      "     p.d.f value is less than zero (-0.016428), forcing value to zero @ actualVars=(mass = 0.15875,pzeroz = -0.0222158,pone = 0.11,ptwo = 10)\n",
      "     p.d.f value is less than zero (-0.013744), forcing value to zero @ actualVars=(mass = 0.158678,pzeroz = -0.0222158,pone = 0.11,ptwo = 10)\n",
      "     p.d.f value is less than zero (-0.011105), forcing value to zero @ actualVars=(mass = 0.158607,pzeroz = -0.0222158,pone = 0.11,ptwo = 10)\n",
      "     p.d.f value is less than zero (-0.031569), forcing value to zero @ actualVars=(mass = 0.159143,pzeroz = -0.0222158,pone = 0.11,ptwo = 10)\n",
      "     p.d.f value is less than zero (-0.040376), forcing value to zero @ actualVars=(mass = 0.159362,pzeroz = -0.0222158,pone = 0.11,ptwo = 10)\n",
      "     p.d.f value is less than zero (-0.031981), forcing value to zero @ actualVars=(mass = 0.159153,pzeroz = -0.0222158,pone = 0.11,ptwo = 10)\n",
      "     p.d.f value is less than zero (-0.048220), forcing value to zero @ actualVars=(mass = 0.159553,pzeroz = -0.0222158,pone = 0.11,ptwo = 10)\n",
      "     p.d.f value is less than zero (-0.058865), forcing value to zero @ actualVars=(mass = 0.159804,pzeroz = -0.0222158,pone = 0.11,ptwo = 10)\n",
      "     p.d.f value is less than zero (-0.022459), forcing value to zero @ actualVars=(mass = 0.158909,pzeroz = -0.0222158,pone = 0.11,ptwo = 10)\n",
      "     p.d.f value is less than zero (-0.031534), forcing value to zero @ actualVars=(mass = 0.159142,pzeroz = -0.0222158,pone = 0.11,ptwo = 10)\n",
      "     p.d.f value is less than zero (-0.054522), forcing value to zero @ actualVars=(mass = 0.159703,pzeroz = -0.0222158,pone = 0.11,ptwo = 10)\n",
      "    ... (remaining 1563 messages suppressed)\n",
      "\n",
      " FCN=-95687.7 FROM MIGRAD    STATUS=INITIATE      126 CALLS         127 TOTAL\n",
      "                     EDM= unknown      STRATEGY= 1      NO ERROR MATRIX       \n",
      "  EXT PARAMETER               CURRENT GUESS       STEP         FIRST   \n",
      "  NO.   NAME      VALUE            ERROR          SIZE      DERIVATIVE \n",
      "   1  frac g1      2.00000e-01   1.00000e-01   0.00000e+00  -7.14801e+02\n",
      "   2  frac g2      2.50000e-01   1.00000e-01   0.00000e+00   6.50159e+01\n",
      "   3  mean         1.45500e-01   2.00000e-03   0.00000e+00   1.49296e+04\n",
      "   4  pone         1.10000e-01   2.00000e+00   0.00000e+00   2.08017e+02\n",
      "   5  ptwo         1.00005e+00   1.90000e+00   0.00000e+00  -4.31194e-01\n",
      "   6  pzeroz       9.11834e-03   1.50000e+00   0.00000e+00   8.97675e+04\n",
      "   7  sigma g1     3.88778e-04   5.00000e-04  -2.38186e-02   1.78964e+04\n",
      "   8  sigma g2     1.00000e-03   5.00000e-04   0.00000e+00   7.36061e+03\n",
      "                               ERR DEF= 0.5\n",
      "[#0] WARNING:Minization -- RooMinimizerFcn: Minimized function has error status.\n",
      "Returning maximum FCN so far (-90535.7) to force MIGRAD to back out of this region. Error log follows\n",
      "Parameter values: frac g1=0.228772, frac g2=0.246198, mean=0.145416, pone=-2.27678, ptwo=1, pzeroz=-0.0109376, sigma g1=0.000337546, sigma g2=0.000762836\n",
      "RooGenericPdf::Phen thrs func[ actualVars=(mass,pzeroz,pone,ptwo) formula=\"(1 - exp(-(@0 -0.13957)/@1)) * (@0/0.13957)**@2 + @3 * (@0/0.13957 - 1)\" ]\n",
      "     p.d.f value is less than zero (-3.176763), forcing value to zero @ actualVars=(mass = 0.15799,pzeroz = -0.0109376,pone = -2.27678,ptwo = 1)\n",
      "     p.d.f normalization integral is zero or negative @ actualVars=(mass = 0.15799,pzeroz = -0.0109376,pone = -2.27678,ptwo = 1)\n",
      "     p.d.f value is less than zero (-0.636539), forcing value to zero @ actualVars=(mass = 0.145693,pzeroz = -0.0109376,pone = -2.27678,ptwo = 1)\n",
      "     p.d.f normalization integral is zero or negative @ actualVars=(mass = 0.145693,pzeroz = -0.0109376,pone = -2.27678,ptwo = 1)\n",
      "     p.d.f value is less than zero (-2.604731), forcing value to zero @ actualVars=(mass = 0.156046,pzeroz = -0.0109376,pone = -2.27678,ptwo = 1)\n",
      "     p.d.f normalization integral is zero or negative @ actualVars=(mass = 0.156046,pzeroz = -0.0109376,pone = -2.27678,ptwo = 1)\n",
      "     p.d.f value is less than zero (-0.600005), forcing value to zero @ actualVars=(mass = 0.145403,pzeroz = -0.0109376,pone = -2.27678,ptwo = 1)\n",
      "     p.d.f normalization integral is zero or negative @ actualVars=(mass = 0.145403,pzeroz = -0.0109376,pone = -2.27678,ptwo = 1)\n",
      "     p.d.f value is less than zero (-1.098230), forcing value to zero @ actualVars=(mass = 0.148918,pzeroz = -0.0109376,pone = -2.27678,ptwo = 1)\n",
      "     p.d.f normalization integral is zero or negative @ actualVars=(mass = 0.148918,pzeroz = -0.0109376,pone = -2.27678,ptwo = 1)\n",
      "     p.d.f value is less than zero (-0.226852), forcing value to zero @ actualVars=(mass = 0.142051,pzeroz = -0.0109376,pone = -2.27678,ptwo = 1)\n",
      "     p.d.f normalization integral is zero or negative @ actualVars=(mass = 0.142051,pzeroz = -0.0109376,pone = -2.27678,ptwo = 1)\n",
      "    ... (remaining 2038 messages suppressed)\n",
      "\n",
      "[#0] WARNING:Minization -- RooMinimizerFcn: Minimized function has error status.\n",
      "Returning maximum FCN so far (-90535.7) to force MIGRAD to back out of this region. Error log follows\n",
      "Parameter values: frac g1=0.219065, frac g2=0.214506, mean=0.145395, pone=0.266389, ptwo=1.00008, pzeroz=-0.00744385, sigma g1=0.000321731, sigma g2=0.000607264\n",
      "RooGenericPdf::Phen thrs func[ actualVars=(mass,pzeroz,pone,ptwo) formula=\"(1 - exp(-(@0 -0.13957)/@1)) * (@0/0.13957)**@2 + @3 * (@0/0.13957 - 1)\" ]\n",
      "     p.d.f value is less than zero (-11.109770), forcing value to zero @ actualVars=(mass = 0.15799,pzeroz = -0.00744385,pone = 0.266389,ptwo = 1.00008)\n",
      "     p.d.f normalization integral is zero or negative @ actualVars=(mass = 0.15799,pzeroz = -0.00744385,pone = 0.266389,ptwo = 1.00008)\n",
      "     p.d.f value is less than zero (-1.246993), forcing value to zero @ actualVars=(mass = 0.145693,pzeroz = -0.00744385,pone = 0.266389,ptwo = 1.00008)\n",
      "     p.d.f normalization integral is zero or negative @ actualVars=(mass = 0.145693,pzeroz = -0.00744385,pone = 0.266389,ptwo = 1.00008)\n",
      "     p.d.f value is less than zero (-8.274318), forcing value to zero @ actualVars=(mass = 0.156046,pzeroz = -0.00744385,pone = 0.266389,ptwo = 1.00008)\n",
      "     p.d.f normalization integral is zero or negative @ actualVars=(mass = 0.156046,pzeroz = -0.00744385,pone = 0.266389,ptwo = 1.00008)\n",
      "     p.d.f value is less than zero (-1.160498), forcing value to zero @ actualVars=(mass = 0.145403,pzeroz = -0.00744385,pone = 0.266389,ptwo = 1.00008)\n",
      "     p.d.f normalization integral is zero or negative @ actualVars=(mass = 0.145403,pzeroz = -0.00744385,pone = 0.266389,ptwo = 1.00008)\n",
      "     p.d.f value is less than zero (-2.487270), forcing value to zero @ actualVars=(mass = 0.148918,pzeroz = -0.00744385,pone = 0.266389,ptwo = 1.00008)\n",
      "     p.d.f normalization integral is zero or negative @ actualVars=(mass = 0.148918,pzeroz = -0.00744385,pone = 0.266389,ptwo = 1.00008)\n",
      "     p.d.f value is less than zero (-0.379683), forcing value to zero @ actualVars=(mass = 0.142051,pzeroz = -0.00744385,pone = 0.266389,ptwo = 1.00008)\n",
      "     p.d.f normalization integral is zero or negative @ actualVars=(mass = 0.142051,pzeroz = -0.00744385,pone = 0.266389,ptwo = 1.00008)\n",
      "    ... (remaining 2038 messages suppressed)\n",
      "\n",
      "[#0] WARNING:Minization -- RooMinimizerFcn: Minimized function has error status.\n",
      "Returning maximum FCN so far (-90535.7) to force MIGRAD to back out of this region. Error log follows\n",
      "Parameter values: frac g1=0.208036, frac g2=0.20331, mean=0.145378, pone=1.32913, ptwo=1.00013, pzeroz=-0.00802917, sigma g1=0.000317242, sigma g2=0.000543369\n",
      "RooGenericPdf::Phen thrs func[ actualVars=(mass,pzeroz,pone,ptwo) formula=\"(1 - exp(-(@0 -0.13957)/@1)) * (@0/0.13957)**@2 + @3 * (@0/0.13957 - 1)\" ]\n",
      "     p.d.f value is less than zero (-10.381361), forcing value to zero @ actualVars=(mass = 0.15799,pzeroz = -0.00802917,pone = 1.32913,ptwo = 1.00013)\n",
      "     p.d.f normalization integral is zero or negative @ actualVars=(mass = 0.15799,pzeroz = -0.00802917,pone = 1.32913,ptwo = 1.00013)\n",
      "     p.d.f value is less than zero (-1.167006), forcing value to zero @ actualVars=(mass = 0.145693,pzeroz = -0.00802917,pone = 1.32913,ptwo = 1.00013)\n",
      "     p.d.f normalization integral is zero or negative @ actualVars=(mass = 0.145693,pzeroz = -0.00802917,pone = 1.32913,ptwo = 1.00013)\n",
      "     p.d.f value is less than zero (-7.750146), forcing value to zero @ actualVars=(mass = 0.156046,pzeroz = -0.00802917,pone = 1.32913,ptwo = 1.00013)\n",
      "     p.d.f normalization integral is zero or negative @ actualVars=(mass = 0.156046,pzeroz = -0.00802917,pone = 1.32913,ptwo = 1.00013)\n",
      "     p.d.f value is less than zero (-1.085619), forcing value to zero @ actualVars=(mass = 0.145403,pzeroz = -0.00802917,pone = 1.32913,ptwo = 1.00013)\n",
      "     p.d.f normalization integral is zero or negative @ actualVars=(mass = 0.145403,pzeroz = -0.00802917,pone = 1.32913,ptwo = 1.00013)\n",
      "     p.d.f value is less than zero (-2.334718), forcing value to zero @ actualVars=(mass = 0.148918,pzeroz = -0.00802917,pone = 1.32913,ptwo = 1.00013)\n",
      "     p.d.f normalization integral is zero or negative @ actualVars=(mass = 0.148918,pzeroz = -0.00802917,pone = 1.32913,ptwo = 1.00013)\n",
      "     p.d.f value is less than zero (-0.352899), forcing value to zero @ actualVars=(mass = 0.142051,pzeroz = -0.00802917,pone = 1.32913,ptwo = 1.00013)\n",
      "     p.d.f normalization integral is zero or negative @ actualVars=(mass = 0.142051,pzeroz = -0.00802917,pone = 1.32913,ptwo = 1.00013)\n",
      "    ... (remaining 2038 messages suppressed)\n",
      "\n",
      "[#0] WARNING:Minization -- RooMinimizerFcn: Minimized function has error status.\n",
      "Returning maximum FCN so far (-90535.7) to force MIGRAD to back out of this region. Error log follows\n",
      "Parameter values: frac g1=0.212421, frac g2=0.211655, mean=0.145374, pone=1.29408, ptwo=1.00014, pzeroz=-0.000651316, sigma g1=0.000312035, sigma g2=0.000517657\n",
      "RooGenericPdf::Phen thrs func[ actualVars=(mass,pzeroz,pone,ptwo) formula=\"(1 - exp(-(@0 -0.13957)/@1)) * (@0/0.13957)**@2 + @3 * (@0/0.13957 - 1)\" ]\n",
      "     p.d.f value is less than zero (-2250428169642.244141), forcing value to zero @ actualVars=(mass = 0.15799,pzeroz = -0.000651316,pone = 1.29408,ptwo = 1.00014)\n",
      "     p.d.f normalization integral is zero or negative @ actualVars=(mass = 0.15799,pzeroz = -0.000651316,pone = 1.29408,ptwo = 1.00014)\n",
      "     p.d.f value is less than zero (-12781.939150), forcing value to zero @ actualVars=(mass = 0.145693,pzeroz = -0.000651316,pone = 1.29408,ptwo = 1.00014)\n",
      "     p.d.f normalization integral is zero or negative @ actualVars=(mass = 0.145693,pzeroz = -0.000651316,pone = 1.29408,ptwo = 1.00014)\n",
      "     p.d.f value is less than zero (-111916032698.822586), forcing value to zero @ actualVars=(mass = 0.156046,pzeroz = -0.000651316,pone = 1.29408,ptwo = 1.00014)\n",
      "     p.d.f normalization integral is zero or negative @ actualVars=(mass = 0.156046,pzeroz = -0.000651316,pone = 1.29408,ptwo = 1.00014)\n",
      "     p.d.f value is less than zero (-8169.038409), forcing value to zero @ actualVars=(mass = 0.145403,pzeroz = -0.000651316,pone = 1.29408,ptwo = 1.00014)\n",
      "     p.d.f normalization integral is zero or negative @ actualVars=(mass = 0.145403,pzeroz = -0.000651316,pone = 1.29408,ptwo = 1.00014)\n",
      "     p.d.f value is less than zero (-1859749.145036), forcing value to zero @ actualVars=(mass = 0.148918,pzeroz = -0.000651316,pone = 1.29408,ptwo = 1.00014)\n",
      "     p.d.f normalization integral is zero or negative @ actualVars=(mass = 0.148918,pzeroz = -0.000651316,pone = 1.29408,ptwo = 1.00014)\n",
      "     p.d.f value is less than zero (-45.130296), forcing value to zero @ actualVars=(mass = 0.142051,pzeroz = -0.000651316,pone = 1.29408,ptwo = 1.00014)\n",
      "     p.d.f normalization integral is zero or negative @ actualVars=(mass = 0.142051,pzeroz = -0.000651316,pone = 1.29408,ptwo = 1.00014)\n",
      "    ... (remaining 2038 messages suppressed)\n",
      "\n",
      "[#0] WARNING:Minization -- RooMinimizerFcn: Minimized function has error status.\n",
      "Returning maximum FCN so far (-90535.7) to force MIGRAD to back out of this region. Error log follows\n",
      "Parameter values: frac g1=0.191421, frac g2=0.205624, mean=0.145385, pone=1.27621, ptwo=1.00015, pzeroz=-0.00288016, sigma g1=0.000324688, sigma g2=0.000637009\n",
      "RooGenericPdf::Phen thrs func[ actualVars=(mass,pzeroz,pone,ptwo) formula=\"(1 - exp(-(@0 -0.13957)/@1)) * (@0/0.13957)**@2 + @3 * (@0/0.13957 - 1)\" ]\n",
      "     p.d.f value is less than zero (-700.602760), forcing value to zero @ actualVars=(mass = 0.15799,pzeroz = -0.00288016,pone = 1.27621,ptwo = 1.00015)\n",
      "     p.d.f normalization integral is zero or negative @ actualVars=(mass = 0.15799,pzeroz = -0.00288016,pone = 1.27621,ptwo = 1.00015)\n",
      "     p.d.f value is less than zero (-7.751124), forcing value to zero @ actualVars=(mass = 0.145693,pzeroz = -0.00288016,pone = 1.27621,ptwo = 1.00015)\n",
      "     p.d.f normalization integral is zero or negative @ actualVars=(mass = 0.145693,pzeroz = -0.00288016,pone = 1.27621,ptwo = 1.00015)\n",
      "     p.d.f value is less than zero (-350.489123), forcing value to zero @ actualVars=(mass = 0.156046,pzeroz = -0.00288016,pone = 1.27621,ptwo = 1.00015)\n",
      "     p.d.f normalization integral is zero or negative @ actualVars=(mass = 0.156046,pzeroz = -0.00288016,pone = 1.27621,ptwo = 1.00015)\n",
      "     p.d.f value is less than zero (-6.888090), forcing value to zero @ actualVars=(mass = 0.145403,pzeroz = -0.00288016,pone = 1.27621,ptwo = 1.00015)\n",
      "     p.d.f normalization integral is zero or negative @ actualVars=(mass = 0.145403,pzeroz = -0.00288016,pone = 1.27621,ptwo = 1.00015)\n",
      "     p.d.f value is less than zero (-26.737375), forcing value to zero @ actualVars=(mass = 0.148918,pzeroz = -0.00288016,pone = 1.27621,ptwo = 1.00015)\n",
      "     p.d.f normalization integral is zero or negative @ actualVars=(mass = 0.148918,pzeroz = -0.00288016,pone = 1.27621,ptwo = 1.00015)\n",
      "     p.d.f value is less than zero (-1.379980), forcing value to zero @ actualVars=(mass = 0.142051,pzeroz = -0.00288016,pone = 1.27621,ptwo = 1.00015)\n",
      "     p.d.f normalization integral is zero or negative @ actualVars=(mass = 0.142051,pzeroz = -0.00288016,pone = 1.27621,ptwo = 1.00015)\n",
      "    ... (remaining 2038 messages suppressed)\n",
      "\n",
      " MIGRAD MINIMIZATION HAS CONVERGED.\n",
      " MIGRAD WILL VERIFY CONVERGENCE AND ERROR MATRIX.\n",
      " EIGENVALUES OF SECOND-DERIVATIVE MATRIX:\n",
      "        -3.9352e-01  1.6946e-02  1.3627e-01  5.6544e-01  9.7248e-01  1.1025e+00  2.1284e+00  3.4715e+00\n",
      " MINUIT WARNING IN HESSE   \n",
      " ============== MATRIX FORCED POS-DEF BY ADDING 0.396996 TO DIAGONAL.\n",
      " FCN=-95900.1 FROM MIGRAD    STATUS=CONVERGED     581 CALLS         582 TOTAL\n",
      "                     EDM=0.000151116    STRATEGY= 1      ERR MATRIX NOT POS-DEF\n",
      "  EXT PARAMETER                APPROXIMATE        STEP         FIRST   \n",
      "  NO.   NAME      VALUE            ERROR          SIZE      DERIVATIVE \n",
      "   1  frac g1      1.78928e-01   5.45098e-03   2.21260e-03   3.16813e-01\n",
      "   2  frac g2      2.38436e-01   7.22710e-03   2.37691e-03   1.90864e-01\n",
      "   3  mean         1.45418e-01   5.43610e-06   1.53863e-04  -3.37407e+00\n",
      "   4  pone         3.11175e+00   2.46554e+00   6.48851e-03  -3.89539e-02\n",
      "   5  ptwo         1.00508e+00   1.85660e+01   1.51391e-01  -3.07048e-03\n",
      "   6  pzeroz       2.74521e-03   7.79597e-04   4.68854e-06  -1.58520e+01\n",
      "   7  sigma g1     3.22696e-04   6.96556e-06   8.77604e-05  -3.89860e-01\n",
      "   8  sigma g2     7.20081e-04   2.65385e-05   1.23317e-04  -3.77039e-01\n",
      "                               ERR DEF= 0.5\n",
      " EXTERNAL ERROR MATRIX.    NDIM=  25    NPAR=  8    ERR DEF=0.5\n",
      "  2.972e-05 -4.048e-07  1.202e-09 -6.271e-03  7.206e-03 -1.956e-06  1.478e-08  8.824e-08 \n",
      " -4.048e-07  5.224e-05  2.083e-09 -1.258e-02  1.446e-02 -3.929e-06 -6.757e-09  1.026e-07 \n",
      "  1.202e-09  2.083e-09  2.955e-11 -9.588e-07  1.108e-06 -3.314e-10  2.056e-12  8.139e-12 \n",
      " -6.271e-03 -1.258e-02 -9.588e-07  6.220e+00 -6.935e+00  1.865e-03 -2.000e-06 -5.290e-05 \n",
      "  7.206e-03  1.446e-02  1.108e-06 -6.935e+00  7.858e+00 -2.145e-03  2.298e-06  6.078e-05 \n",
      " -1.956e-06 -3.929e-06 -3.314e-10  1.865e-03 -2.145e-03  6.078e-07 -6.283e-10 -1.648e-08 \n",
      "  1.478e-08 -6.757e-09  2.056e-12 -2.000e-06  2.298e-06 -6.283e-10  4.852e-11  1.907e-11 \n",
      "  8.824e-08  1.026e-07  8.139e-12 -5.290e-05  6.078e-05 -1.648e-08  1.907e-11  7.043e-10 \n",
      "ERR MATRIX NOT POS-DEF\n",
      " PARAMETER  CORRELATION COEFFICIENTS  \n",
      "       NO.  GLOBAL      1      2      3      4      5      6      7      8\n",
      "        1  0.78818   1.000 -0.010  0.041 -0.461  0.472 -0.460  0.389  0.610\n",
      "        2  0.83212  -0.010  1.000  0.053 -0.698  0.714 -0.697 -0.134  0.535\n",
      "        3  0.09619   0.041  0.053  1.000 -0.071  0.073 -0.078  0.054  0.056\n",
      "        4  0.99520  -0.461 -0.698 -0.071  1.000 -0.992  0.959 -0.115 -0.799\n",
      "        5  0.99801   0.472  0.714  0.073 -0.992  1.000 -0.981  0.118  0.817\n",
      "        6  0.98860  -0.460 -0.697 -0.078  0.959 -0.981  1.000 -0.116 -0.797\n",
      "        7  0.44584   0.389 -0.134  0.054 -0.115  0.118 -0.116  1.000  0.103\n",
      "        8  0.86983   0.610  0.535  0.056 -0.799  0.817 -0.797  0.103  1.000\n",
      " ERR MATRIX NOT POS-DEF\n",
      " **********\n",
      " **    7 **HESSE        4000\n",
      " **********\n",
      " EIGENVALUES OF SECOND-DERIVATIVE MATRIX:\n",
      "        -3.4185e-03  1.6499e-02  1.2472e-01  5.6267e-01  9.7349e-01  1.0996e+00  2.1285e+00  3.0979e+00\n",
      " MINUIT WARNING IN HESSE   \n",
      " ============== MATRIX FORCED POS-DEF BY ADDING 0.006516 TO DIAGONAL.\n",
      " FCN=-95900.1 FROM HESSE     STATUS=NOT POSDEF     65 CALLS         647 TOTAL\n",
      "                     EDM=0.000176927    STRATEGY= 1      ERR MATRIX NOT POS-DEF\n",
      "  EXT PARAMETER                APPROXIMATE     INTERNAL      INTERNAL  \n",
      "  NO.   NAME      VALUE            ERROR       STEP SIZE       VALUE   \n",
      "   1  frac g1      1.78928e-01   2.51208e-02   4.42520e-04  -6.97292e-01\n",
      "   2  frac g2      2.38436e-01   1.84075e-02   9.50763e-05  -5.50517e-01\n",
      "   3  mean         1.45418e-01   6.49532e-06   3.07726e-05  -4.75990e-01\n",
      "   4  pone         3.11175e+00   2.34986e+00   2.59540e-04   3.16429e-01\n",
      "   5  ptwo         1.00508e+00   1.89697e+01   5.00000e-01  -1.53811e+00\n",
      "   6  pzeroz       2.74521e-03   8.16592e-04   1.87541e-07  -9.57808e-01\n",
      "   7  sigma g1     3.22696e-04   2.02997e-05   3.51041e-06  -1.53487e+00\n",
      "   8  sigma g2     7.20081e-04   5.92653e-05   4.93268e-06  -1.51712e+00\n",
      "                               ERR DEF= 0.5\n",
      " EXTERNAL ERROR MATRIX.    NDIM=  25    NPAR=  8    ERR DEF=0.5\n",
      "  6.320e-04 -4.227e-04  2.322e-08 -3.372e-02  1.576e-02 -1.208e-05  4.701e-07  1.373e-06 \n",
      " -4.227e-04  3.390e-04 -1.221e-08  1.339e-02 -6.224e-03  4.713e-06 -3.309e-07 -8.103e-07 \n",
      "  2.322e-08 -1.221e-08  4.219e-11 -2.083e-06  1.021e-06 -8.948e-10  1.964e-11  5.742e-11 \n",
      " -3.372e-02  1.339e-02 -2.083e-06  5.638e+00 -2.340e+00  1.624e-03 -2.253e-05 -9.951e-05 \n",
      "  1.576e-02 -6.224e-03  1.021e-06 -2.340e+00  1.039e+00 -7.835e-04  1.053e-05  4.653e-05 \n",
      " -1.208e-05  4.713e-06 -8.948e-10  1.624e-03 -7.835e-04  6.668e-07 -8.079e-09 -3.572e-08 \n",
      "  4.701e-07 -3.309e-07  1.964e-11 -2.253e-05  1.053e-05 -8.079e-09  4.121e-10  9.616e-10 \n",
      "  1.373e-06 -8.103e-07  5.742e-11 -9.951e-05  4.653e-05 -3.572e-08  9.616e-10  3.512e-09 \n",
      "ERR MATRIX NOT POS-DEF\n",
      " PARAMETER  CORRELATION COEFFICIENTS  \n",
      "       NO.  GLOBAL      1      2      3      4      5      6      7      8\n",
      "        1  0.98756   1.000 -0.913  0.142 -0.565  0.615 -0.588  0.921  0.922\n",
      "        2  0.96655  -0.913  1.000 -0.102  0.306 -0.332  0.313 -0.885 -0.743\n",
      "        3  0.19186   0.142 -0.102  1.000 -0.135  0.154 -0.169  0.149  0.149\n",
      "        4  0.99265  -0.565  0.306 -0.135  1.000 -0.967  0.838 -0.467 -0.707\n",
      "        5  0.99748   0.615 -0.332  0.154 -0.967  1.000 -0.941  0.509  0.770\n",
      "        6  0.98556  -0.588  0.313 -0.169  0.838 -0.941  1.000 -0.487 -0.738\n",
      "        7  0.93224   0.921 -0.885  0.149 -0.467  0.509 -0.487  1.000  0.799\n",
      "        8  0.96554   0.922 -0.743  0.149 -0.707  0.770 -0.738  0.799  1.000\n",
      " ERR MATRIX NOT POS-DEF\n",
      " **********\n",
      " **    8 **SET ERR         0.5\n",
      " **********\n",
      " **********\n",
      " **    9 **SET PRINT           1\n",
      " **********\n",
      " **********\n",
      " **   10 **HESSE        4000\n",
      " **********\n",
      " EIGENVALUES OF SECOND-DERIVATIVE MATRIX:\n",
      "        -3.6595e-03  1.6371e-02  1.2475e-01  5.6260e-01  9.7372e-01  1.0995e+00  2.1286e+00  3.0981e+00\n",
      " MINUIT WARNING IN HESSE   \n",
      " ============== MATRIX FORCED POS-DEF BY ADDING 0.006758 TO DIAGONAL.\n",
      " FCN=-95900.1 FROM HESSE     STATUS=NOT POSDEF     65 CALLS         712 TOTAL\n",
      "                     EDM=0.000176225    STRATEGY= 1      ERR MATRIX NOT POS-DEF\n",
      "  EXT PARAMETER                APPROXIMATE     INTERNAL      INTERNAL  \n",
      "  NO.   NAME      VALUE            ERROR       STEP SIZE       VALUE   \n",
      "   1  frac g1      1.78928e-01   2.50198e-02   8.85041e-05  -6.97292e-01\n",
      "   2  frac g2      2.38436e-01   1.83396e-02   1.90153e-05  -5.50517e-01\n",
      "   3  mean         1.45418e-01   6.49332e-06   6.15453e-06  -4.75990e-01\n",
      "   4  pone         3.11175e+00   2.35690e+00   5.19081e-05   3.16429e-01\n",
      "   5  ptwo         1.00508e+00   1.89691e+01   5.00000e-01  -1.53811e+00\n",
      "   6  pzeroz       2.74521e-03   8.14011e-04   2.28359e-07  -9.57808e-01\n",
      "   7  sigma g1     3.22696e-04   2.02197e-05   7.02083e-07  -1.53487e+00\n",
      "   8  sigma g2     7.20081e-04   5.90778e-05   9.86536e-07  -1.51712e+00\n",
      "                               ERR DEF= 0.5\n",
      " EXTERNAL ERROR MATRIX.    NDIM=  25    NPAR=  8    ERR DEF=0.5\n",
      "  6.269e-04 -4.192e-04  2.297e-08 -3.365e-02  1.567e-02 -1.197e-05  4.660e-07  1.363e-06 \n",
      " -4.192e-04  3.365e-04 -1.206e-08  1.330e-02 -6.161e-03  4.646e-06 -3.280e-07 -8.030e-07 \n",
      "  2.297e-08 -1.206e-08  4.216e-11 -2.077e-06  1.015e-06 -8.871e-10  1.943e-11  5.686e-11 \n",
      " -3.365e-02  1.330e-02 -2.077e-06  5.673e+00 -2.349e+00  1.624e-03 -2.245e-05 -9.949e-05 \n",
      "  1.567e-02 -6.161e-03  1.015e-06 -2.349e+00  1.040e+00 -7.810e-04  1.046e-05  4.637e-05 \n",
      " -1.197e-05  4.646e-06 -8.871e-10  1.624e-03 -7.810e-04  6.626e-07 -7.994e-09 -3.546e-08 \n",
      "  4.660e-07 -3.280e-07  1.943e-11 -2.245e-05  1.046e-05 -7.994e-09  4.088e-10  9.532e-10 \n",
      "  1.363e-06 -8.030e-07  5.686e-11 -9.949e-05  4.637e-05 -3.546e-08  9.532e-10  3.490e-09 \n",
      "ERR MATRIX NOT POS-DEF\n",
      " PARAMETER  CORRELATION COEFFICIENTS  \n",
      "       NO.  GLOBAL      1      2      3      4      5      6      7      8\n",
      "        1  0.98746   1.000 -0.913  0.141 -0.564  0.614 -0.587  0.921  0.921\n",
      "        2  0.96631  -0.913  1.000 -0.101  0.304 -0.329  0.311 -0.884 -0.741\n",
      "        3  0.19092   0.141 -0.101  1.000 -0.134  0.153 -0.168  0.148  0.148\n",
      "        4  0.99269  -0.564  0.304 -0.134  1.000 -0.967  0.838 -0.466 -0.707\n",
      "        5  0.99748   0.614 -0.329  0.153 -0.967  1.000 -0.941  0.507  0.770\n",
      "        6  0.98547  -0.587  0.311 -0.168  0.838 -0.941  1.000 -0.486 -0.737\n",
      "        7  0.93170   0.921 -0.884  0.148 -0.466  0.507 -0.486  1.000  0.798\n",
      "        8  0.96532   0.921 -0.741  0.148 -0.707  0.770 -0.737  0.798  1.000\n",
      " ERR MATRIX NOT POS-DEF\n",
      "[#1] INFO:Minization -- RooMinimizer::optimizeConst: deactivating const optimization\n"
     ]
    }
   ],
   "source": [
    "result = model.fitTo(data, ROOT.RooFit.Save())"
   ]
  },
  {
   "cell_type": "code",
   "execution_count": 7,
   "id": "hungarian-leonard",
   "metadata": {},
   "outputs": [
    {
     "name": "stdout",
     "output_type": "stream",
     "text": [
      "[#1] INFO:NumericIntegration -- RooRealIntegral::init(Phen thrs func_Int[mass]) using numeric integrator RooIntegrator1D to calculate Int(mass)\n",
      "[#1] INFO:Plotting -- RooAbsPdf::plotOn(model) directly selected PDF components: (gauss 1,gauss 2,model_recursive_fraction_gauss 2)\n",
      "[#1] INFO:Plotting -- RooAbsPdf::plotOn(model) indirectly selected PDF components: ()\n",
      "[#1] INFO:NumericIntegration -- RooRealIntegral::init(Phen thrs func_Int[mass]) using numeric integrator RooIntegrator1D to calculate Int(mass)\n",
      "[#1] INFO:Plotting -- RooAbsPdf::plotOn(model) directly selected PDF components: (Phen thrs func)\n",
      "[#1] INFO:Plotting -- RooAbsPdf::plotOn(model) indirectly selected PDF components: ()\n",
      "[#1] INFO:NumericIntegration -- RooRealIntegral::init(Phen thrs func_Int[mass]) using numeric integrator RooIntegrator1D to calculate Int(mass)\n"
     ]
    },
    {
     "name": "stderr",
     "output_type": "stream",
     "text": [
      "Info in <TCanvas::Print>: png file Dstar_fit.png has been created\n"
     ]
    },
    {
     "data": {
