{
 "cells": [
  {
   "cell_type": "code",
   "execution_count": 1,
   "id": "short-bubble",
   "metadata": {},
   "outputs": [
    {
     "name": "stdout",
     "output_type": "stream",
     "text": [
      "Welcome to JupyROOT 6.16/00\n"
     ]
    }
   ],
   "source": [
    "import ROOT"
   ]
  },
  {
   "cell_type": "code",
   "execution_count": 2,
   "id": "european-pendant",
   "metadata": {},
   "outputs": [
    {
     "name": "stdout",
     "output_type": "stream",
     "text": [
      "\n",
      "\u001b[1mRooFit v3.60 -- Developed by Wouter Verkerke and David Kirkby\u001b[0m \n",
      "                Copyright (C) 2000-2013 NIKHEF, University of California & Stanford University\n",
      "                All rights reserved, please read http://roofit.sourceforge.net/license.txt\n",
      "\n",
      "[#1] INFO:Eval -- RooAbsReal::attachToTree(mass) TTree Float_t branch mass will be converted to double precision\n"
     ]
    }
   ],
   "source": [
    "file = ROOT.TFile.Open(\"../output/Charmonium2018B_test/dstar_charmonium_2018B.root\")\n",
    "\n",
    "mass = ROOT.RooRealVar(\"mass\", \"\", 0.14, 0.16)\n",
    "data = ROOT.RooDataSet(\"data\", \"\", file.Dstar, ROOT.RooArgSet(mass))"
   ]
  },
  {
   "cell_type": "code",
   "execution_count": 21,
   "id": "intensive-neighborhood",
   "metadata": {},
   "outputs": [],
   "source": [
    "## Signal definition\n",
    "\n",
    "# Gaussian 1\n",
    "\n",
    "yield_g1 = ROOT.RooRealVar(\"yield g1\", \"\", 1e3, 0, 8e4)\n",
    "mean = ROOT.RooRealVar(\"mean\",\"\", 0.1455, 0.14, 0.16)\n",
    "sigma_g1 = ROOT.RooRealVar(\"sigma g1\", \"\", 0.001, 0.0, 1.0)\n",
    "\n",
    "# Gaussian 2\n",
    "\n",
    "yield_g2 = ROOT.RooRealVar(\"yield g2\", \"\", 1e3, 0, 3e4)\n",
    "sigma_g2 = ROOT.RooRealVar(\"sigma g2\", \"\", 0.001, 0.0, 1.0)\n",
    "\n",
    "# Pdfs\n",
    "\n",
    "gauss1 = ROOT.RooGaussian(\"gauss 1\", \"\", mass, mean, sigma_g1)\n",
    "gauss2 = ROOT.RooGaussian(\"gauss 2\", \"\", mass, mean, sigma_g2)"
   ]
  },
  {
   "cell_type": "code",
   "execution_count": 22,
   "id": "quiet-wesley",
   "metadata": {},
   "outputs": [],
   "source": [
    "## Background\n",
    "\n",
    "# Phenomenological threshold function\n",
    "\n",
    "yield_back = ROOT.RooRealVar(\"yield back\", \"\", 1e4, 0, 2e4)\n",
    "p0 = ROOT.RooRealVar(\"pzeroz\",\"\", 1, -2, 20)\n",
    "p1 = ROOT.RooRealVar('pone',\"\", 9, -10, 10)\n",
    "p2 = ROOT.RooRealVar('ptwo',\"\", 10, 1, 20)\n",
    "#\n",
    "back = ROOT.RooGenericPdf(\"Phen thrs func\",\"\",\"(1 - exp(-(@0 -0.13957)/@1)) * (@0/0.13957)**@2 + @3 * (@0/0.13957 - 1)\", ROOT.RooArgList(mass,p0,p1,p2));"
   ]
  },
  {
   "cell_type": "code",
   "execution_count": 23,
   "id": "uniform-wiring",
   "metadata": {},
   "outputs": [],
   "source": [
    "# Model definition and fitting\n",
    "model = ROOT.RooAddPdf(\"model\", \"\", ROOT.RooArgList(gauss1, gauss2, back),\n",
    "                       ROOT.RooArgList(yield_g1, yield_g2, yield_back))\n",
    "\n",
    "#model = ROOT.RooAddPdf(\"model\", \"\", ROOT.RooArgList(gauss1, gauss2),\n",
    "#                     ROOT.RooArgList(yield_g1, yield_g2))"
   ]
  },
  {
   "cell_type": "code",
   "execution_count": 24,
   "id": "religious-january",
   "metadata": {},
   "outputs": [
    {
     "name": "stdout",
     "output_type": "stream",
     "text": [
      "[#1] INFO:Fitting -- RooAbsOptTestStatistic::ctor(nll_model_data) constructing test statistic for sub-range named fit\n",
      "[#1] INFO:Fitting -- RooAbsOptTestStatistic::ctor(nll_model_data) fixing interpretation of coefficients of any RooAddPdf to full domain of observables \n",
      "[#1] INFO:NumericIntegration -- RooRealIntegral::init(Phen thrs func_Int[mass]) using numeric integrator RooIntegrator1D to calculate Int(mass)\n",
      "[#1] INFO:Minization -- RooMinimizer::optimizeConst: activating const optimization\n",
      "[#1] INFO:NumericIntegration -- RooRealIntegral::init(Phen thrs func_Int[mass]) using numeric integrator RooIntegrator1D to calculate Int(mass)\n",
      "[#1] INFO:Minization --  The following expressions will be evaluated in cache-and-track mode: (gauss 1,gauss 2,Phen thrs func)\n",
      " **********\n",
      " **   28 **SET PRINT           1\n",
      " **********\n",
      " **********\n",
      " **   29 **SET NOGRAD\n",
      " **********\n",
      " PARAMETER DEFINITIONS:\n",
      "    NO.   NAME         VALUE      STEP SIZE      LIMITS\n",
      "     1 mean         1.45500e-01  2.00000e-03    1.40000e-01  1.60000e-01\n",
      "     2 pone         9.00000e+00  5.00000e-01   -1.00000e+01  1.00000e+01\n",
      "     3 ptwo         1.00000e+01  1.90000e+00    1.00000e+00  2.00000e+01\n",
      "     4 pzeroz       1.00000e+00  1.50000e+00   -2.00000e+00  2.00000e+01\n",
      "     5 sigma g1     1.00000e-03  5.00000e-04    0.00000e+00  1.00000e+00\n",
      "     6 sigma g2     1.00000e-03  5.00000e-04    0.00000e+00  1.00000e+00\n",
      "     7 yield back   1.00000e+04  2.00000e+03    0.00000e+00  2.00000e+04\n",
      "     8 yield g1     1.00000e+03  5.00000e+02    0.00000e+00  8.00000e+04\n",
      "     9 yield g2     1.00000e+03  5.00000e+02    0.00000e+00  3.00000e+04\n",
      " **********\n",
      " **   30 **SET ERR         0.5\n",
      " **********\n",
      " **********\n",
      " **   31 **SET PRINT           1\n",
      " **********\n",
      " **********\n",
      " **   32 **SET STR           1\n",
      " **********\n",
      " NOW USING STRATEGY  1: TRY TO BALANCE SPEED AGAINST RELIABILITY\n",
      " **********\n",
      " **   33 **MIGRAD        4500           1\n",
      " **********\n",
      " FIRST CALL TO USER FUNCTION AT NEW START POINT, WITH IFLAG=4.\n",
      " START MIGRAD MINIMIZATION.  STRATEGY  1.  CONVERGENCE WHEN EDM .LT. 1.00e-03\n",
      "[#0] WARNING:Minization -- RooMinimizerFcn: Minimized function has error status.\n",
      "Returning maximum FCN so far (-286527) to force MIGRAD to back out of this region. Error log follows\n",
      "Parameter values: mean=0.1455, pone=-7.5776, ptwo=1.00545, pzeroz=-0.00470089, sigma g1=0.001, sigma g2=0.001, yield back=10000, yield g1=1000, yield g2=1000\n",
      "RooGenericPdf::Phen thrs func[ actualVars=(mass,pzeroz,pone,ptwo) formula=\"(1 - exp(-(@0 -0.13957)/@1)) * (@0/0.13957)**@2 + @3 * (@0/0.13957 - 1)\" ]\n",
      "     p.d.f value is less than zero (-19.146577), forcing value to zero @ actualVars=(mass = 0.15799,pzeroz = -0.00470089,pone = -7.5776,ptwo = 1.00545)\n",
      "     p.d.f normalization integral is zero or negative @ actualVars=(mass = 0.15799,pzeroz = -0.00470089,pone = -7.5776,ptwo = 1.00545)\n",
      "     p.d.f value is less than zero (-1.890353), forcing value to zero @ actualVars=(mass = 0.145693,pzeroz = -0.00470089,pone = -7.5776,ptwo = 1.00545)\n",
      "     p.d.f normalization integral is zero or negative @ actualVars=(mass = 0.145693,pzeroz = -0.00470089,pone = -7.5776,ptwo = 1.00545)\n",
      "     p.d.f value is less than zero (-13.738847), forcing value to zero @ actualVars=(mass = 0.156046,pzeroz = -0.00470089,pone = -7.5776,ptwo = 1.00545)\n",
      "     p.d.f normalization integral is zero or negative @ actualVars=(mass = 0.156046,pzeroz = -0.00470089,pone = -7.5776,ptwo = 1.00545)\n",
      "     p.d.f value is less than zero (-1.760565), forcing value to zero @ actualVars=(mass = 0.145403,pzeroz = -0.00470089,pone = -7.5776,ptwo = 1.00545)\n",
      "     p.d.f normalization integral is zero or negative @ actualVars=(mass = 0.145403,pzeroz = -0.00470089,pone = -7.5776,ptwo = 1.00545)\n",
      "     p.d.f value is less than zero (-3.790233), forcing value to zero @ actualVars=(mass = 0.148918,pzeroz = -0.00470089,pone = -7.5776,ptwo = 1.00545)\n",
      "     p.d.f normalization integral is zero or negative @ actualVars=(mass = 0.148918,pzeroz = -0.00470089,pone = -7.5776,ptwo = 1.00545)\n",
      "     p.d.f value is less than zero (-0.590456), forcing value to zero @ actualVars=(mass = 0.142051,pzeroz = -0.00470089,pone = -7.5776,ptwo = 1.00545)\n",
      "     p.d.f normalization integral is zero or negative @ actualVars=(mass = 0.142051,pzeroz = -0.00470089,pone = -7.5776,ptwo = 1.00545)\n",
      "    ... (remaining 2038 messages suppressed)\n",
      "\n",
      "[#0] WARNING:Minization -- RooMinimizerFcn: Minimized function has error status.\n",
      "Returning maximum FCN so far (-286527) to force MIGRAD to back out of this region. Error log follows\n",
      "Parameter values: mean=0.1455, pone=-7.5776, ptwo=1.00545, pzeroz=-0.00348144, sigma g1=0.001, sigma g2=0.001, yield back=10000, yield g1=1000, yield g2=1000\n",
      "RooGenericPdf::Phen thrs func[ actualVars=(mass,pzeroz,pone,ptwo) formula=\"(1 - exp(-(@0 -0.13957)/@1)) * (@0/0.13957)**@2 + @3 * (@0/0.13957 - 1)\" ]\n",
      "     p.d.f value is less than zero (-77.081252), forcing value to zero @ actualVars=(mass = 0.15799,pzeroz = -0.00348144,pone = -7.5776,ptwo = 1.00545)\n",
      "     p.d.f normalization integral is zero or negative @ actualVars=(mass = 0.15799,pzeroz = -0.00348144,pone = -7.5776,ptwo = 1.00545)\n",
      "     p.d.f value is less than zero (-3.426141), forcing value to zero @ actualVars=(mass = 0.145693,pzeroz = -0.00348144,pone = -7.5776,ptwo = 1.00545)\n",
      "     p.d.f normalization integral is zero or negative @ actualVars=(mass = 0.145693,pzeroz = -0.00348144,pone = -7.5776,ptwo = 1.00545)\n",
      "     p.d.f value is less than zero (-48.216317), forcing value to zero @ actualVars=(mass = 0.156046,pzeroz = -0.00348144,pone = -7.5776,ptwo = 1.00545)\n",
      "     p.d.f normalization integral is zero or negative @ actualVars=(mass = 0.156046,pzeroz = -0.00348144,pone = -7.5776,ptwo = 1.00545)\n",
      "     p.d.f value is less than zero (-3.140962), forcing value to zero @ actualVars=(mass = 0.145403,pzeroz = -0.00348144,pone = -7.5776,ptwo = 1.00545)\n",
      "     p.d.f normalization integral is zero or negative @ actualVars=(mass = 0.145403,pzeroz = -0.00348144,pone = -7.5776,ptwo = 1.00545)\n",
      "     p.d.f value is less than zero (-8.289815), forcing value to zero @ actualVars=(mass = 0.148918,pzeroz = -0.00348144,pone = -7.5776,ptwo = 1.00545)\n",
      "     p.d.f normalization integral is zero or negative @ actualVars=(mass = 0.148918,pzeroz = -0.00348144,pone = -7.5776,ptwo = 1.00545)\n",
      "     p.d.f value is less than zero (-0.891681), forcing value to zero @ actualVars=(mass = 0.142051,pzeroz = -0.00348144,pone = -7.5776,ptwo = 1.00545)\n",
      "     p.d.f normalization integral is zero or negative @ actualVars=(mass = 0.142051,pzeroz = -0.00348144,pone = -7.5776,ptwo = 1.00545)\n",
      "    ... (remaining 2038 messages suppressed)\n",
      "\n",
      "[#0] WARNING:Minization -- RooMinimizerFcn: Minimized function has error status.\n",
      "Returning maximum FCN so far (-286527) to force MIGRAD to back out of this region. Error log follows\n",
      "Parameter values: mean=0.1455, pone=-7.5776, ptwo=1.00545, pzeroz=-0.0619904, sigma g1=0.001, sigma g2=0.001, yield back=10000, yield g1=1000, yield g2=1000\n",
      "RooGenericPdf::Phen thrs func[ actualVars=(mass,pzeroz,pone,ptwo) formula=\"(1 - exp(-(@0 -0.13957)/@1)) * (@0/0.13957)**@2 + @3 * (@0/0.13957 - 1)\" ]\n",
      "     p.d.f value is less than zero (-0.031212), forcing value to zero @ actualVars=(mass = 0.145896,pzeroz = -0.0619904,pone = -7.5776,ptwo = 1.00545)\n",
      "     p.d.f value is less than zero (-0.030368), forcing value to zero @ actualVars=(mass = 0.145423,pzeroz = -0.0619904,pone = -7.5776,ptwo = 1.00545)\n",
      "     p.d.f value is less than zero (-0.030291), forcing value to zero @ actualVars=(mass = 0.150427,pzeroz = -0.0619904,pone = -7.5776,ptwo = 1.00545)\n",
      "     p.d.f value is less than zero (-0.025767), forcing value to zero @ actualVars=(mass = 0.152364,pzeroz = -0.0619904,pone = -7.5776,ptwo = 1.00545)\n",
      "     p.d.f value is less than zero (-0.032434), forcing value to zero @ actualVars=(mass = 0.148649,pzeroz = -0.0619904,pone = -7.5776,ptwo = 1.00545)\n",
      "     p.d.f value is less than zero (-0.010399), forcing value to zero @ actualVars=(mass = 0.156399,pzeroz = -0.0619904,pone = -7.5776,ptwo = 1.00545)\n",
      "     p.d.f value is less than zero (-0.031090), forcing value to zero @ actualVars=(mass = 0.14582,pzeroz = -0.0619904,pone = -7.5776,ptwo = 1.00545)\n",
      "     p.d.f value is less than zero (-0.008790), forcing value to zero @ actualVars=(mass = 0.15674,pzeroz = -0.0619904,pone = -7.5776,ptwo = 1.00545)\n",
      "     p.d.f value is less than zero (-0.030663), forcing value to zero @ actualVars=(mass = 0.145576,pzeroz = -0.0619904,pone = -7.5776,ptwo = 1.00545)\n",
      "     p.d.f value is less than zero (-0.020906), forcing value to zero @ actualVars=(mass = 0.153863,pzeroz = -0.0619904,pone = -7.5776,ptwo = 1.00545)\n",
      "     p.d.f value is less than zero (-0.032232), forcing value to zero @ actualVars=(mass = 0.146737,pzeroz = -0.0619904,pone = -7.5776,ptwo = 1.00545)\n",
      "     p.d.f value is less than zero (-0.027532), forcing value to zero @ actualVars=(mass = 0.144304,pzeroz = -0.0619904,pone = -7.5776,ptwo = 1.00545)\n",
      "    ... (remaining 2038 messages suppressed)\n",
      "\n",
      "[#0] WARNING:Minization -- RooMinimizerFcn: Minimized function has error status.\n",
      "Returning maximum FCN so far (-286527) to force MIGRAD to back out of this region. Error log follows\n",
      "Parameter values: mean=0.1455, pone=-7.5776, ptwo=1.00545, pzeroz=-0.0276911, sigma g1=0.001, sigma g2=0.001, yield back=10000, yield g1=1000, yield g2=1000\n",
      "RooGenericPdf::Phen thrs func[ actualVars=(mass,pzeroz,pone,ptwo) formula=\"(1 - exp(-(@0 -0.13957)/@1)) * (@0/0.13957)**@2 + @3 * (@0/0.13957 - 1)\" ]\n",
      "     p.d.f value is less than zero (-0.236634), forcing value to zero @ actualVars=(mass = 0.15799,pzeroz = -0.0276911,pone = -7.5776,ptwo = 1.00545)\n",
      "     p.d.f normalization integral is zero or negative @ actualVars=(mass = 0.15799,pzeroz = -0.0276911,pone = -7.5776,ptwo = 1.00545)\n",
      "     p.d.f value is less than zero (-0.134626), forcing value to zero @ actualVars=(mass = 0.145693,pzeroz = -0.0276911,pone = -7.5776,ptwo = 1.00545)\n",
      "     p.d.f normalization integral is zero or negative @ actualVars=(mass = 0.145693,pzeroz = -0.0276911,pone = -7.5776,ptwo = 1.00545)\n",
      "     p.d.f value is less than zero (-0.230357), forcing value to zero @ actualVars=(mass = 0.156046,pzeroz = -0.0276911,pone = -7.5776,ptwo = 1.00545)\n",
      "     p.d.f normalization integral is zero or negative @ actualVars=(mass = 0.156046,pzeroz = -0.0276911,pone = -7.5776,ptwo = 1.00545)\n",
      "     p.d.f value is less than zero (-0.129906), forcing value to zero @ actualVars=(mass = 0.145403,pzeroz = -0.0276911,pone = -7.5776,ptwo = 1.00545)\n",
      "     p.d.f normalization integral is zero or negative @ actualVars=(mass = 0.145403,pzeroz = -0.0276911,pone = -7.5776,ptwo = 1.00545)\n",
      "     p.d.f value is less than zero (-0.178349), forcing value to zero @ actualVars=(mass = 0.148918,pzeroz = -0.0276911,pone = -7.5776,ptwo = 1.00545)\n",
      "     p.d.f normalization integral is zero or negative @ actualVars=(mass = 0.148918,pzeroz = -0.0276911,pone = -7.5776,ptwo = 1.00545)\n",
      "     p.d.f value is less than zero (-0.064149), forcing value to zero @ actualVars=(mass = 0.142051,pzeroz = -0.0276911,pone = -7.5776,ptwo = 1.00545)\n",
      "     p.d.f normalization integral is zero or negative @ actualVars=(mass = 0.142051,pzeroz = -0.0276911,pone = -7.5776,ptwo = 1.00545)\n",
      "    ... (remaining 2038 messages suppressed)\n",
      "\n",
      "[#0] WARNING:Minization -- RooMinimizerFcn: Minimized function has error status.\n",
      "Returning maximum FCN so far (-286527) to force MIGRAD to back out of this region. Error log follows\n",
      "Parameter values: mean=0.1455, pone=-7.5776, ptwo=1.00545, pzeroz=-0.0104398, sigma g1=0.001, sigma g2=0.001, yield back=10000, yield g1=1000, yield g2=1000\n",
      "RooGenericPdf::Phen thrs func[ actualVars=(mass,pzeroz,pone,ptwo) formula=\"(1 - exp(-(@0 -0.13957)/@1)) * (@0/0.13957)**@2 + @3 * (@0/0.13957 - 1)\" ]\n",
      "     p.d.f value is less than zero (-1.758450), forcing value to zero @ actualVars=(mass = 0.15799,pzeroz = -0.0104398,pone = -7.5776,ptwo = 1.00545)\n",
      "     p.d.f normalization integral is zero or negative @ actualVars=(mass = 0.15799,pzeroz = -0.0104398,pone = -7.5776,ptwo = 1.00545)\n",
      "     p.d.f value is less than zero (-0.532012), forcing value to zero @ actualVars=(mass = 0.145693,pzeroz = -0.0104398,pone = -7.5776,ptwo = 1.00545)\n",
      "     p.d.f normalization integral is zero or negative @ actualVars=(mass = 0.145693,pzeroz = -0.0104398,pone = -7.5776,ptwo = 1.00545)\n",
      "     p.d.f value is less than zero (-1.532584), forcing value to zero @ actualVars=(mass = 0.156046,pzeroz = -0.0104398,pone = -7.5776,ptwo = 1.00545)\n",
      "     p.d.f normalization integral is zero or negative @ actualVars=(mass = 0.156046,pzeroz = -0.0104398,pone = -7.5776,ptwo = 1.00545)\n",
      "     p.d.f value is less than zero (-0.506764), forcing value to zero @ actualVars=(mass = 0.145403,pzeroz = -0.0104398,pone = -7.5776,ptwo = 1.00545)\n",
      "     p.d.f normalization integral is zero or negative @ actualVars=(mass = 0.145403,pzeroz = -0.0104398,pone = -7.5776,ptwo = 1.00545)\n",
      "     p.d.f value is less than zero (-0.818831), forcing value to zero @ actualVars=(mass = 0.148918,pzeroz = -0.0104398,pone = -7.5776,ptwo = 1.00545)\n",
      "     p.d.f normalization integral is zero or negative @ actualVars=(mass = 0.148918,pzeroz = -0.0104398,pone = -7.5776,ptwo = 1.00545)\n",
      "     p.d.f value is less than zero (-0.216881), forcing value to zero @ actualVars=(mass = 0.142051,pzeroz = -0.0104398,pone = -7.5776,ptwo = 1.00545)\n",
      "     p.d.f normalization integral is zero or negative @ actualVars=(mass = 0.142051,pzeroz = -0.0104398,pone = -7.5776,ptwo = 1.00545)\n",
      "    ... (remaining 2038 messages suppressed)\n",
      "\n",
      "[#0] WARNING:Minization -- RooMinimizerFcn: Minimized function has error status.\n",
      "Returning maximum FCN so far (-286527) to force MIGRAD to back out of this region. Error log follows\n",
      "Parameter values: mean=0.1455, pone=-7.5776, ptwo=1.00545, pzeroz=-0.00178874, sigma g1=0.001, sigma g2=0.001, yield back=10000, yield g1=1000, yield g2=1000\n",
      "RooGenericPdf::Phen thrs func[ actualVars=(mass,pzeroz,pone,ptwo) formula=\"(1 - exp(-(@0 -0.13957)/@1)) * (@0/0.13957)**@2 + @3 * (@0/0.13957 - 1)\" ]\n",
      "     p.d.f value is less than zero (-11597.012963), forcing value to zero @ actualVars=(mass = 0.15799,pzeroz = -0.00178874,pone = -7.5776,ptwo = 1.00545)\n",
      "     p.d.f normalization integral is zero or negative @ actualVars=(mass = 0.15799,pzeroz = -0.00178874,pone = -7.5776,ptwo = 1.00545)\n",
      "     p.d.f value is less than zero (-21.376421), forcing value to zero @ actualVars=(mass = 0.145693,pzeroz = -0.00178874,pone = -7.5776,ptwo = 1.00545)\n",
      "     p.d.f normalization integral is zero or negative @ actualVars=(mass = 0.145693,pzeroz = -0.00178874,pone = -7.5776,ptwo = 1.00545)\n",
      "     p.d.f value is less than zero (-4295.466591), forcing value to zero @ actualVars=(mass = 0.156046,pzeroz = -0.00178874,pone = -7.5776,ptwo = 1.00545)\n",
      "     p.d.f normalization integral is zero or negative @ actualVars=(mass = 0.156046,pzeroz = -0.00178874,pone = -7.5776,ptwo = 1.00545)\n",
      "     p.d.f value is less than zero (-18.341191), forcing value to zero @ actualVars=(mass = 0.145403,pzeroz = -0.00178874,pone = -7.5776,ptwo = 1.00545)\n",
      "     p.d.f normalization integral is zero or negative @ actualVars=(mass = 0.145403,pzeroz = -0.00178874,pone = -7.5776,ptwo = 1.00545)\n",
      "     p.d.f value is less than zero (-113.141741), forcing value to zero @ actualVars=(mass = 0.148918,pzeroz = -0.00178874,pone = -7.5776,ptwo = 1.00545)\n",
      "     p.d.f normalization integral is zero or negative @ actualVars=(mass = 0.148918,pzeroz = -0.00178874,pone = -7.5776,ptwo = 1.00545)\n",
      "     p.d.f value is less than zero (-2.610067), forcing value to zero @ actualVars=(mass = 0.142051,pzeroz = -0.00178874,pone = -7.5776,ptwo = 1.00545)\n",
      "     p.d.f normalization integral is zero or negative @ actualVars=(mass = 0.142051,pzeroz = -0.00178874,pone = -7.5776,ptwo = 1.00545)\n",
      "    ... (remaining 2038 messages suppressed)\n",
      "\n",
      " FCN=-295627 FROM MIGRAD    STATUS=INITIATE      294 CALLS         295 TOTAL\n",
      "                     EDM= unknown      STRATEGY= 1      NO ERROR MATRIX       \n",
      "  EXT PARAMETER               CURRENT GUESS       STEP         FIRST   \n",
      "  NO.   NAME      VALUE            ERROR          SIZE      DERIVATIVE \n",
      "   1  mean         1.45500e-01   2.00000e-03   0.00000e+00   1.05059e+04\n",
      "   2  pone         2.41176e+00   5.00000e-01   0.00000e+00   5.65642e+00\n",
      "   3  ptwo         1.06833e+00   1.90000e+00   8.61472e-02   4.32287e-01\n",
      "   4  pzeroz       6.87918e-03   1.50000e+00   0.00000e+00   1.61591e+04\n",
      "   5  sigma g1     2.08126e-04   5.00000e-04   0.00000e+00   3.76482e+03\n",
      "   6  sigma g2     1.00000e-03   5.00000e-04   0.00000e+00   4.87271e+04\n",
      "   7  yield back   1.00000e+04   2.00000e+03   0.00000e+00  -2.46458e+03\n",
      "   8  yield g1     1.00000e+03   5.00000e+02   0.00000e+00  -3.76953e+03\n",
      "   9  yield g2     8.06251e+03   5.00000e+02   0.00000e+00  -5.57220e+02\n",
      "                               ERR DEF= 0.5\n",
      "[#0] WARNING:Minization -- RooMinimizerFcn: Minimized function has error status.\n",
      "Returning maximum FCN so far (-286527) to force MIGRAD to back out of this region. Error log follows\n",
      "Parameter values: mean=0.145332, pone=-0.969493, ptwo=18.5149, pzeroz=-9.69833e-05, sigma g1=0.000227056, sigma g2=0.000484244, yield back=14035.1, yield g1=2155.89, yield g2=6961.57\n",
      "RooGenericPdf::Phen thrs func[ actualVars=(mass,pzeroz,pone,ptwo) formula=\"(1 - exp(-(@0 -0.13957)/@1)) * (@0/0.13957)**@2 + @3 * (@0/0.13957 - 1)\" ]\n",
      "     p.d.f value is less than zero (-27204399500686343356040878724339340317312031261487550781901548172142654452741963776.000000), forcing value to zero @ actualVars=(mass = 0.15799,pzeroz = -9.69833e-05,pone = -0.969493,ptwo = 18.5149)\n",
      "     p.d.f normalization integral is zero or negative @ actualVars=(mass = 0.15799,pzeroz = -9.69833e-05,pone = -0.969493,ptwo = 18.5149)\n",
      "     p.d.f value is less than zero (-2506178871781055138587738112.000000), forcing value to zero @ actualVars=(mass = 0.145693,pzeroz = -9.69833e-05,pone = -0.969493,ptwo = 18.5149)\n",
      "     p.d.f normalization integral is zero or negative @ actualVars=(mass = 0.145693,pzeroz = -9.69833e-05,pone = -0.969493,ptwo = 18.5149)\n",
      "     p.d.f value is less than zero (-54132917619624811339001201958442642814140981952833641756162990832168730624.000000), forcing value to zero @ actualVars=(mass = 0.156046,pzeroz = -9.69833e-05,pone = -0.969493,ptwo = 18.5149)\n",
      "     p.d.f normalization integral is zero or negative @ actualVars=(mass = 0.156046,pzeroz = -9.69833e-05,pone = -0.969493,ptwo = 18.5149)\n",
      "     p.d.f value is less than zero (-126413224908149652537212928.000000), forcing value to zero @ actualVars=(mass = 0.145403,pzeroz = -9.69833e-05,pone = -0.969493,ptwo = 18.5149)\n",
      "     p.d.f normalization integral is zero or negative @ actualVars=(mass = 0.145403,pzeroz = -9.69833e-05,pone = -0.969493,ptwo = 18.5149)\n",
      "     p.d.f value is less than zero (-679384972707091133080403892357967990751232.000000), forcing value to zero @ actualVars=(mass = 0.148918,pzeroz = -9.69833e-05,pone = -0.969493,ptwo = 18.5149)\n",
      "     p.d.f normalization integral is zero or negative @ actualVars=(mass = 0.148918,pzeroz = -9.69833e-05,pone = -0.969493,ptwo = 18.5149)\n",
      "     p.d.f value is less than zero (-126931394358.541183), forcing value to zero @ actualVars=(mass = 0.142051,pzeroz = -9.69833e-05,pone = -0.969493,ptwo = 18.5149)\n",
      "     p.d.f normalization integral is zero or negative @ actualVars=(mass = 0.142051,pzeroz = -9.69833e-05,pone = -0.969493,ptwo = 18.5149)\n",
      "    ... (remaining 2038 messages suppressed)\n",
      "\n",
      " MIGRAD MINIMIZATION HAS CONVERGED.\n",
      " FCN=-296765 FROM MIGRAD    STATUS=CONVERGED     637 CALLS         638 TOTAL\n",
      "                     EDM=2.98676e-05    STRATEGY= 1  ERROR MATRIX UNCERTAINTY   1.4 per cent\n",
      "  EXT PARAMETER                                   STEP         FIRST   \n",
      "  NO.   NAME      VALUE            ERROR          SIZE      DERIVATIVE \n",
      "   1  mean         1.45418e-01   6.97215e-06   2.79841e-07  -2.73744e+00\n",
      "   2  pone         1.60011e+00   3.67159e-01   1.15306e-04  -5.33251e-02\n",
      "   3  ptwo         3.40145e+00   1.15039e+00   3.47933e-04   1.69009e-02\n",
      "   4  pzeroz       2.74488e-03   3.16138e-04   2.01214e-07  -1.11505e+02\n",
      "   5  sigma g1     3.23027e-04   2.00699e-05   1.03111e-05  -6.20080e+00\n",
      "   6  sigma g2     7.21643e-04   4.48027e-05   1.41269e-05  -4.72060e+00\n",
      "   7  yield back   1.39313e+04   1.29955e+02  -3.37286e-06  -3.24281e-01\n",
      "   8  yield g1     3.99946e+03   5.30845e+02   2.63783e-04   2.83631e-01\n",
      "   9  yield g2     4.35791e+03   4.85342e+02  -3.80176e-04   2.64868e-02\n",
      "                               ERR DEF= 0.5\n",
      " EXTERNAL ERROR MATRIX.    NDIM=  25    NPAR=  9    ERR DEF=0.5\n",
      "  4.861e-11  8.428e-08 -6.487e-07 -1.891e-10  9.379e-12  2.288e-11 -9.105e-06  2.276e-04 -2.003e-04 \n",
      "  8.428e-08  1.349e-01  5.485e-02 -2.553e-05  2.870e-06  6.495e-06 -4.665e+00  7.752e+01 -7.475e+01 \n",
      " -6.487e-07  5.485e-02  1.338e+00  2.975e-04 -1.036e-06 -7.425e-06  1.915e+01 -5.552e+01  2.125e+01 \n",
      " -1.891e-10 -2.553e-05  2.975e-04  9.994e-08 -6.139e-10 -1.831e-09  3.167e-03 -1.995e-02  1.518e-02 \n",
      "  9.379e-12  2.870e-06 -1.036e-06 -6.139e-10  4.028e-10  7.454e-10 -6.313e-04  9.759e-03 -8.948e-03 \n",
      "  2.288e-11  6.495e-06 -7.425e-06 -1.831e-09  7.454e-10  2.007e-09 -2.082e-03  2.231e-02 -2.010e-02 \n",
      " -9.105e-06 -4.665e+00  1.915e+01  3.167e-03 -6.313e-04 -2.082e-03  1.689e+04 -2.065e+04  1.616e+04 \n",
      "  2.276e-04  7.752e+01 -5.552e+01 -1.995e-02  9.759e-03  2.231e-02 -2.065e+04  2.819e+05 -2.526e+05 \n",
      " -2.003e-04 -7.475e+01  2.125e+01  1.518e-02 -8.948e-03 -2.010e-02  1.616e+04 -2.526e+05  2.357e+05 \n",
      " PARAMETER  CORRELATION COEFFICIENTS  \n",
      "       NO.  GLOBAL      1      2      3      4      5      6      7      8      9\n",
      "        1  0.11867   1.000  0.033 -0.080 -0.086  0.067  0.073 -0.010  0.061 -0.059\n",
      "        2  0.70537   0.033  1.000  0.129 -0.220  0.389  0.395 -0.098  0.398 -0.419\n",
      "        3  0.90378  -0.080  0.129  1.000  0.813 -0.045 -0.143  0.127 -0.090  0.038\n",
      "        4  0.89628  -0.086 -0.220  0.813  1.000 -0.097 -0.129  0.077 -0.119  0.099\n",
      "        5  0.92717   0.067  0.389 -0.045 -0.097  1.000  0.829 -0.242  0.916 -0.918\n",
      "        6  0.95255   0.073  0.395 -0.143 -0.129  0.829  1.000 -0.358  0.938 -0.924\n",
      "        7  0.42530  -0.010 -0.098  0.127  0.077 -0.242 -0.358  1.000 -0.299  0.256\n",
      "        8  0.98578   0.061  0.398 -0.090 -0.119  0.916  0.938 -0.299  1.000 -0.980\n",
      "        9  0.98455  -0.059 -0.419  0.038  0.099 -0.918 -0.924  0.256 -0.980  1.000\n",
      " **********\n",
      " **   34 **SET ERR         0.5\n",
      " **********\n",
      " **********\n",
      " **   35 **SET PRINT           1\n",
      " **********\n",
      " **********\n",
      " **   36 **HESSE        4500\n",
      " **********\n",
      " COVARIANCE MATRIX CALCULATED SUCCESSFULLY\n",
      " FCN=-296765 FROM HESSE     STATUS=OK             89 CALLS         727 TOTAL\n",
      "                     EDM=0.000149283    STRATEGY= 1      ERROR MATRIX ACCURATE \n",
      "  EXT PARAMETER                                INTERNAL      INTERNAL  \n",
      "  NO.   NAME      VALUE            ERROR       STEP SIZE       VALUE   \n",
      "   1  mean         1.45418e-01   6.43910e-06   2.70650e-04  -4.75988e-01\n",
      "   2  pone         1.60011e+00   3.98609e+00   1.45331e-02   1.60702e-01\n",
      "   3  ptwo         3.40145e+00   4.72143e+00   3.16339e-02  -2.29773e+00\n",
      "   4  pzeroz       2.74488e-03   3.30507e-04   8.77610e-06  -9.57808e-01\n",
      "   5  sigma g1     3.23027e-04   1.77846e-05   1.54107e-04  -1.53485e+00\n",
      "   6  sigma g2     7.21643e-04   3.94717e-05   2.17369e-04  -1.51706e+00\n",
      "   7  yield back   1.39313e+04   1.38835e+02   5.09068e-03   4.04031e-01\n",
      "   8  yield g1     3.99946e+03   4.57693e+02   1.88525e-03  -1.11980e+00\n",
      "   9  yield g2     4.35791e+03   4.33511e+02   3.54864e-03  -7.88749e-01\n",
      "                               ERR DEF= 0.5\n",
      " EXTERNAL ERROR MATRIX.    NDIM=  25    NPAR=  9    ERR DEF=0.5\n",
      "  4.146e-11  1.820e-07 -1.674e-07 -1.384e-10  9.583e-12  1.258e-11 -2.109e-05  1.791e-04 -1.578e-04 \n",
      "  1.820e-07  1.684e+01  2.139e+01 -6.148e-04  1.224e-06  4.691e-06 -7.592e+00  4.006e+01 -3.244e+01 \n",
      " -1.674e-07  2.139e+01  2.845e+01 -5.000e-04 -1.054e-06 -5.431e-06  2.908e+01 -3.557e+01  6.415e+00 \n",
      " -1.384e-10 -6.148e-04 -5.000e-04  1.092e-07 -2.549e-10 -1.120e-09  4.383e-03 -8.182e-03  3.788e-03 \n",
      "  9.583e-12  1.224e-06 -1.054e-06 -2.549e-10  3.163e-10  5.297e-10 -4.057e-04  7.310e-03 -6.901e-03 \n",
      "  1.258e-11  4.691e-06 -5.431e-06 -1.120e-09  5.297e-10  1.558e-09 -1.739e-03  1.621e-02 -1.446e-02 \n",
      " -2.109e-05 -7.592e+00  2.908e+01  4.383e-03 -4.057e-04 -1.739e-03  1.928e+04 -1.353e+04  8.171e+03 \n",
      "  1.791e-04  4.006e+01 -3.557e+01 -8.182e-03  7.310e-03  1.621e-02 -1.353e+04  2.095e+05 -1.919e+05 \n",
      " -1.578e-04 -3.244e+01  6.415e+00  3.788e-03 -6.901e-03 -1.446e-02  8.171e+03 -1.919e+05  1.880e+05 \n",
      " PARAMETER  CORRELATION COEFFICIENTS  \n",
      "       NO.  GLOBAL      1      2      3      4      5      6      7      8      9\n",
      "        1  0.11644   1.000  0.007 -0.005 -0.065  0.084  0.050 -0.024  0.061 -0.057\n",
      "        2  0.99567   0.007  1.000  0.977 -0.453  0.017  0.029 -0.013  0.021 -0.018\n",
      "        3  0.99503  -0.005  0.977  1.000 -0.284 -0.011 -0.026  0.039 -0.015  0.003\n",
      "        4  0.89457  -0.065 -0.453 -0.284  1.000 -0.043 -0.086  0.096 -0.054  0.026\n",
      "        5  0.91043   0.084  0.017 -0.011 -0.043  1.000  0.755 -0.164  0.898 -0.895\n",
      "        6  0.91928   0.050  0.029 -0.026 -0.086  0.755  1.000 -0.317  0.897 -0.845\n",
      "        7  0.44357  -0.024 -0.013  0.039  0.096 -0.164 -0.317  1.000 -0.213  0.136\n",
      "        8  0.98163   0.061  0.021 -0.015 -0.054  0.898  0.897 -0.213  1.000 -0.967\n",
      "        9  0.97318  -0.057 -0.018  0.003  0.026 -0.895 -0.845  0.136 -0.967  1.000\n",
      "[#1] INFO:Minization -- RooMinimizer::optimizeConst: deactivating const optimization\n"
     ]
    }
   ],
   "source": [
    "result = model.fitTo(data, ROOT.RooFit.Extended(True), ROOT.RooFit.Range(0.14, 0.16))"
   ]
  },
  {
   "cell_type": "code",
   "execution_count": 25,
   "id": "fifteen-courtesy",
   "metadata": {},
   "outputs": [
    {
     "name": "stdout",
     "output_type": "stream",
     "text": [
      "[#1] INFO:Plotting -- RooAbsPdf::plotOn(model) p.d.f was fitted in range and no explicit plot,norm range was specified, using fit range as default\n",
      "[#1] INFO:Plotting -- RooAbsPdf::plotOn(model) only plotting range 'fit_nll_model_data'\n",
      "[#1] INFO:Plotting -- RooAbsPdf::plotOn(model) p.d.f. curve is normalized using explicit choice of ranges 'fit_nll_model_data'\n",
      "[#1] INFO:NumericIntegration -- RooRealIntegral::init(Phen thrs func_Int[mass]) using numeric integrator RooIntegrator1D to calculate Int(mass)\n",
      "[#1] INFO:NumericIntegration -- RooRealIntegral::init(model_Int[mass|fit_nll_model_data]_Norm[mass]) using numeric integrator RooIntegrator1D to calculate Int(mass)\n"
     ]
    }
   ],
   "source": [
    "frame = mass.frame(ROOT.RooFit.Title(\"Dstar\"))\n",
    "data.plotOn(frame)\n",
    "model.plotOn(frame)\n",
    "frame.Draw()"
   ]
  },
  {
   "cell_type": "code",
   "execution_count": 26,
   "id": "sorted-albuquerque",
   "metadata": {},
   "outputs": [
    {
     "data": {
