{
 "cells": [
  {
   "cell_type": "code",
   "execution_count": 1,
   "id": "answering-bargain",
   "metadata": {},
   "outputs": [
    {
     "name": "stdout",
     "output_type": "stream",
     "text": [
      "Welcome to JupyROOT 6.16/00\n"
     ]
    }
   ],
   "source": [
    "import ROOT"
   ]
  },
  {
   "cell_type": "code",
   "execution_count": 2,
   "id": "sonic-front",
   "metadata": {},
   "outputs": [
    {
     "name": "stdout",
     "output_type": "stream",
     "text": [
      "\n",
      "\u001b[1mRooFit v3.60 -- Developed by Wouter Verkerke and David Kirkby\u001b[0m \n",
      "                Copyright (C) 2000-2013 NIKHEF, University of California & Stanford University\n",
      "                All rights reserved, please read http://roofit.sourceforge.net/license.txt\n",
      "\n",
      "[#1] INFO:Eval -- RooAbsReal::attachToTree(mass) TTree Float_t branch mass will be converted to double precision\n"
     ]
    }
   ],
   "source": [
    "file = ROOT.TFile.Open(\"../output/Charmonium2018B_test/dstar_charmonium_2018B.root\")\n",
    "\n",
    "mass = ROOT.RooRealVar(\"mass\", \"\", 0.14, 0.16)\n",
    "data = ROOT.RooDataSet(\"data\", \"\", file.Dstar, ROOT.RooArgSet(mass))"
   ]
  },
  {
   "cell_type": "code",
   "execution_count": 3,
   "id": "matched-nepal",
   "metadata": {},
   "outputs": [],
   "source": [
    "## Signal definition\n",
    "\n",
    "# Gaussian 1\n",
    "\n",
    "yield_g1 = ROOT.RooRealVar(\"yield g1\", \"\", 4.5e3, 0, 7e3)\n",
    "mean = ROOT.RooRealVar(\"mean\",\"\", 0.1455, 0.14, 0.16)\n",
    "sigma_g1 = ROOT.RooRealVar(\"sigma g1\", \"\", 0.001, 0.0, 1.0)\n",
    "\n",
    "# Gaussian 2\n",
    "\n",
    "yield_g2 = ROOT.RooRealVar(\"yield g2\", \"\", 4.5e3, 0, 5e3)\n",
    "sigma_g2 = ROOT.RooRealVar(\"sigma g2\", \"\", 0.001, 0.0, 1.0)\n",
    "\n",
    "# Pdfs\n",
    "\n",
    "gauss1 = ROOT.RooGaussian(\"gauss 1\", \"\", mass, mean, sigma_g1)\n",
    "gauss2 = ROOT.RooGaussian(\"gauss 2\", \"\", mass, mean, sigma_g2)"
   ]
  },
  {
   "cell_type": "code",
   "execution_count": 4,
   "id": "killing-faith",
   "metadata": {},
   "outputs": [],
   "source": [
    "## Background\n",
    "\n",
    "# Phenomenological threshold function\n",
    "\n",
    "yield_back = ROOT.RooRealVar(\"yield back\", \"\", 5e4, 0, 6e4)\n",
    "p0 = ROOT.RooRealVar(\"pzeroz\",\"\", 1, -2, 20)\n",
    "p1 = ROOT.RooRealVar('pone',\"\", 1.1e-1, -10, 10)\n",
    "p2 = ROOT.RooRealVar('ptwo',\"\", 10, 1, 20)\n",
    "#\n",
    "back = ROOT.RooGenericPdf(\"Phen thrs func\",\"\",\"(1 - exp(-(@0 -0.13957)/@1)) * (@0/0.13957)**@2 + @3 * (@0/0.13957 - 1)\", ROOT.RooArgList(mass,p0,p1,p2))"
   ]
  },
  {
   "cell_type": "code",
   "execution_count": 5,
   "id": "absent-luther",
   "metadata": {},
   "outputs": [],
   "source": [
    "# Model definition and fitting\n",
    "model = ROOT.RooAddPdf(\"model\", \"\", ROOT.RooArgList(gauss1, gauss2, back),\n",
    "                       ROOT.RooArgList(yield_g1, yield_g2, yield_back))\n",
    "\n",
    "#model = ROOT.RooAddPdf(\"model\", \"\", ROOT.RooArgList(gauss1, gauss2),\n",
    "#                     ROOT.RooArgList(yield_g1, yield_g2))"
   ]
  },
  {
   "cell_type": "code",
   "execution_count": 6,
   "id": "surface-moore",
   "metadata": {},
   "outputs": [
    {
     "name": "stdout",
     "output_type": "stream",
     "text": [
      "[#1] INFO:Eval -- RooRealVar::setRange(mass) new range named 'fit' created with bounds [0.14,0.16]\n",
      "[#1] INFO:Fitting -- RooAbsOptTestStatistic::ctor(nll_model_data) constructing test statistic for sub-range named fit\n",
      "[#1] INFO:Eval -- RooRealVar::setRange(mass) new range named 'NormalizationRangeForfit' created with bounds [0.14,0.16]\n",
      "[#1] INFO:Eval -- RooRealVar::setRange(mass) new range named 'fit_nll_model_data' created with bounds [0.14,0.16]\n",
      "[#1] INFO:Fitting -- RooAbsOptTestStatistic::ctor(nll_model_data) fixing interpretation of coefficients of any RooAddPdf to full domain of observables \n",
      "[#1] INFO:NumericIntegration -- RooRealIntegral::init(Phen thrs func_Int[mass]) using numeric integrator RooIntegrator1D to calculate Int(mass)\n",
      "[#1] INFO:Minization -- RooMinimizer::optimizeConst: activating const optimization\n",
      "[#1] INFO:NumericIntegration -- RooRealIntegral::init(Phen thrs func_Int[mass]) using numeric integrator RooIntegrator1D to calculate Int(mass)\n",
      "[#1] INFO:Minization --  The following expressions will be evaluated in cache-and-track mode: (gauss 1,gauss 2,Phen thrs func)\n",
      " **********\n",
      " **    1 **SET PRINT           1\n",
      " **********\n",
      " **********\n",
      " **    2 **SET NOGRAD\n",
      " **********\n",
      " PARAMETER DEFINITIONS:\n",
      "    NO.   NAME         VALUE      STEP SIZE      LIMITS\n",
      "     1 mean         1.45500e-01  2.00000e-03    1.40000e-01  1.60000e-01\n",
      "     2 pone         1.10000e-01  2.00000e+00   -1.00000e+01  1.00000e+01\n",
      "     3 ptwo         1.00000e+01  1.90000e+00    1.00000e+00  2.00000e+01\n",
      "     4 pzeroz       1.00000e+00  1.50000e+00   -2.00000e+00  2.00000e+01\n",
      "     5 sigma g1     1.00000e-03  5.00000e-04    0.00000e+00  1.00000e+00\n",
      "     6 sigma g2     1.00000e-03  5.00000e-04    0.00000e+00  1.00000e+00\n",
      "     7 yield back   5.00000e+04  5.00000e+03    0.00000e+00  6.00000e+04\n",
      "     8 yield g1     4.50000e+03  7.00000e+02    0.00000e+00  7.00000e+03\n",
      "     9 yield g2     4.50000e+03  2.50000e+02    0.00000e+00  5.00000e+03\n",
      " **********\n",
      " **    3 **SET ERR         0.5\n",
      " **********\n",
      " **********\n",
      " **    4 **SET PRINT           1\n",
      " **********\n",
      " **********\n",
      " **    5 **SET STR           1\n",
      " **********\n",
      " NOW USING STRATEGY  1: TRY TO BALANCE SPEED AGAINST RELIABILITY\n",
      " **********\n",
      " **    6 **MIGRAD        4500           1\n",
      " **********\n",
      " FIRST CALL TO USER FUNCTION AT NEW START POINT, WITH IFLAG=4.\n",
      " START MIGRAD MINIMIZATION.  STRATEGY  1.  CONVERGENCE WHEN EDM .LT. 1.00e-03\n",
      "[#0] WARNING:Minization -- RooMinimizerFcn: Minimized function has error status.\n",
      "Returning maximum FCN so far (-275587) to force MIGRAD to back out of this region. Error log follows\n",
      "Parameter values: mean=0.1455, pone=0.11, ptwo=1.01025, pzeroz=-0.132177, sigma g1=0.001, sigma g2=0.001, yield back=50000, yield g1=4500, yield g2=4500\n",
      "RooGenericPdf::Phen thrs func[ actualVars=(mass,pzeroz,pone,ptwo) formula=\"(1 - exp(-(@0 -0.13957)/@1)) * (@0/0.13957)**@2 + @3 * (@0/0.13957 - 1)\" ]\n",
      "     p.d.f value is less than zero (-0.018260), forcing value to zero @ actualVars=(mass = 0.15799,pzeroz = -0.132177,pone = 0.11,ptwo = 1.01025)\n",
      "     p.d.f normalization integral is zero or negative @ actualVars=(mass = 0.15799,pzeroz = -0.132177,pone = 0.11,ptwo = 1.01025)\n",
      "     p.d.f value is less than zero (-0.003318), forcing value to zero @ actualVars=(mass = 0.145693,pzeroz = -0.132177,pone = 0.11,ptwo = 1.01025)\n",
      "     p.d.f normalization integral is zero or negative @ actualVars=(mass = 0.145693,pzeroz = -0.132177,pone = 0.11,ptwo = 1.01025)\n",
      "     p.d.f value is less than zero (-0.015134), forcing value to zero @ actualVars=(mass = 0.156046,pzeroz = -0.132177,pone = 0.11,ptwo = 1.01025)\n",
      "     p.d.f normalization integral is zero or negative @ actualVars=(mass = 0.156046,pzeroz = -0.132177,pone = 0.11,ptwo = 1.01025)\n",
      "     p.d.f value is less than zero (-0.003101), forcing value to zero @ actualVars=(mass = 0.145403,pzeroz = -0.132177,pone = 0.11,ptwo = 1.01025)\n",
      "     p.d.f normalization integral is zero or negative @ actualVars=(mass = 0.145403,pzeroz = -0.132177,pone = 0.11,ptwo = 1.01025)\n",
      "     p.d.f value is less than zero (-0.006145), forcing value to zero @ actualVars=(mass = 0.148918,pzeroz = -0.132177,pone = 0.11,ptwo = 1.01025)\n",
      "     p.d.f normalization integral is zero or negative @ actualVars=(mass = 0.148918,pzeroz = -0.132177,pone = 0.11,ptwo = 1.01025)\n",
      "     p.d.f value is less than zero (-0.001026), forcing value to zero @ actualVars=(mass = 0.142051,pzeroz = -0.132177,pone = 0.11,ptwo = 1.01025)\n",
      "     p.d.f normalization integral is zero or negative @ actualVars=(mass = 0.142051,pzeroz = -0.132177,pone = 0.11,ptwo = 1.01025)\n",
      "    ... (remaining 2038 messages suppressed)\n",
      "\n",
      "[#0] WARNING:Minization -- RooMinimizerFcn: Minimized function has error status.\n",
      "Returning maximum FCN so far (-275587) to force MIGRAD to back out of this region. Error log follows\n",
      "Parameter values: mean=0.1455, pone=0.11, ptwo=1.01025, pzeroz=-0.0632588, sigma g1=0.001, sigma g2=0.001, yield back=50000, yield g1=4500, yield g2=4500\n",
      "RooGenericPdf::Phen thrs func[ actualVars=(mass,pzeroz,pone,ptwo) formula=\"(1 - exp(-(@0 -0.13957)/@1)) * (@0/0.13957)**@2 + @3 * (@0/0.13957 - 1)\" ]\n",
      "     p.d.f value is less than zero (-0.209327), forcing value to zero @ actualVars=(mass = 0.15799,pzeroz = -0.0632588,pone = 0.11,ptwo = 1.01025)\n",
      "     p.d.f normalization integral is zero or negative @ actualVars=(mass = 0.15799,pzeroz = -0.0632588,pone = 0.11,ptwo = 1.01025)\n",
      "     p.d.f value is less than zero (-0.057789), forcing value to zero @ actualVars=(mass = 0.145693,pzeroz = -0.0632588,pone = 0.11,ptwo = 1.01025)\n",
      "     p.d.f normalization integral is zero or negative @ actualVars=(mass = 0.145693,pzeroz = -0.0632588,pone = 0.11,ptwo = 1.01025)\n",
      "     p.d.f value is less than zero (-0.181936), forcing value to zero @ actualVars=(mass = 0.156046,pzeroz = -0.0632588,pone = 0.11,ptwo = 1.01025)\n",
      "     p.d.f normalization integral is zero or negative @ actualVars=(mass = 0.156046,pzeroz = -0.0632588,pone = 0.11,ptwo = 1.01025)\n",
      "     p.d.f value is less than zero (-0.054805), forcing value to zero @ actualVars=(mass = 0.145403,pzeroz = -0.0632588,pone = 0.11,ptwo = 1.01025)\n",
      "     p.d.f normalization integral is zero or negative @ actualVars=(mass = 0.145403,pzeroz = -0.0632588,pone = 0.11,ptwo = 1.01025)\n",
      "     p.d.f value is less than zero (-0.092723), forcing value to zero @ actualVars=(mass = 0.148918,pzeroz = -0.0632588,pone = 0.11,ptwo = 1.01025)\n",
      "     p.d.f normalization integral is zero or negative @ actualVars=(mass = 0.148918,pzeroz = -0.0632588,pone = 0.11,ptwo = 1.01025)\n",
      "     p.d.f value is less than zero (-0.022120), forcing value to zero @ actualVars=(mass = 0.142051,pzeroz = -0.0632588,pone = 0.11,ptwo = 1.01025)\n",
      "     p.d.f normalization integral is zero or negative @ actualVars=(mass = 0.142051,pzeroz = -0.0632588,pone = 0.11,ptwo = 1.01025)\n",
      "    ... (remaining 2038 messages suppressed)\n",
      "\n",
      "[#0] WARNING:Minization -- RooMinimizerFcn: Minimized function has error status.\n",
      "Returning maximum FCN so far (-275587) to force MIGRAD to back out of this region. Error log follows\n",
      "Parameter values: mean=0.1455, pone=0.11, ptwo=1.01025, pzeroz=-0.0283771, sigma g1=0.001, sigma g2=0.001, yield back=50000, yield g1=4500, yield g2=4500\n",
      "RooGenericPdf::Phen thrs func[ actualVars=(mass,pzeroz,pone,ptwo) formula=\"(1 - exp(-(@0 -0.13957)/@1)) * (@0/0.13957)**@2 + @3 * (@0/0.13957 - 1)\" ]\n",
      "     p.d.f value is less than zero (-0.793083), forcing value to zero @ actualVars=(mass = 0.15799,pzeroz = -0.0283771,pone = 0.11,ptwo = 1.01025)\n",
      "     p.d.f normalization integral is zero or negative @ actualVars=(mass = 0.15799,pzeroz = -0.0283771,pone = 0.11,ptwo = 1.01025)\n",
      "     p.d.f value is less than zero (-0.197624), forcing value to zero @ actualVars=(mass = 0.145693,pzeroz = -0.0283771,pone = 0.11,ptwo = 1.01025)\n",
      "     p.d.f normalization integral is zero or negative @ actualVars=(mass = 0.145693,pzeroz = -0.0283771,pone = 0.11,ptwo = 1.01025)\n",
      "     p.d.f value is less than zero (-0.677594), forcing value to zero @ actualVars=(mass = 0.156046,pzeroz = -0.0283771,pone = 0.11,ptwo = 1.01025)\n",
      "     p.d.f normalization integral is zero or negative @ actualVars=(mass = 0.156046,pzeroz = -0.0283771,pone = 0.11,ptwo = 1.01025)\n",
      "     p.d.f value is less than zero (-0.187002), forcing value to zero @ actualVars=(mass = 0.145403,pzeroz = -0.0283771,pone = 0.11,ptwo = 1.01025)\n",
      "     p.d.f normalization integral is zero or negative @ actualVars=(mass = 0.145403,pzeroz = -0.0283771,pone = 0.11,ptwo = 1.01025)\n",
      "     p.d.f value is less than zero (-0.325279), forcing value to zero @ actualVars=(mass = 0.148918,pzeroz = -0.0283771,pone = 0.11,ptwo = 1.01025)\n",
      "     p.d.f normalization integral is zero or negative @ actualVars=(mass = 0.148918,pzeroz = -0.0283771,pone = 0.11,ptwo = 1.01025)\n",
      "     p.d.f value is less than zero (-0.073591), forcing value to zero @ actualVars=(mass = 0.142051,pzeroz = -0.0283771,pone = 0.11,ptwo = 1.01025)\n",
      "     p.d.f normalization integral is zero or negative @ actualVars=(mass = 0.142051,pzeroz = -0.0283771,pone = 0.11,ptwo = 1.01025)\n",
      "    ... (remaining 2038 messages suppressed)\n",
      "\n",
      "[#0] WARNING:Minization -- RooMinimizerFcn: Minimized function has error status.\n",
      "Returning maximum FCN so far (-275587) to force MIGRAD to back out of this region. Error log follows\n",
      "Parameter values: mean=0.1455, pone=0.11, ptwo=1.01025, pzeroz=-0.010831, sigma g1=0.001, sigma g2=0.001, yield back=50000, yield g1=4500, yield g2=4500\n",
      "RooGenericPdf::Phen thrs func[ actualVars=(mass,pzeroz,pone,ptwo) formula=\"(1 - exp(-(@0 -0.13957)/@1)) * (@0/0.13957)**@2 + @3 * (@0/0.13957 - 1)\" ]\n",
      "     p.d.f value is less than zero (-4.405937), forcing value to zero @ actualVars=(mass = 0.15799,pzeroz = -0.010831,pone = 0.11,ptwo = 1.01025)\n",
      "     p.d.f normalization integral is zero or negative @ actualVars=(mass = 0.15799,pzeroz = -0.010831,pone = 0.11,ptwo = 1.01025)\n",
      "     p.d.f value is less than zero (-0.719223), forcing value to zero @ actualVars=(mass = 0.145693,pzeroz = -0.010831,pone = 0.11,ptwo = 1.01025)\n",
      "     p.d.f normalization integral is zero or negative @ actualVars=(mass = 0.145693,pzeroz = -0.010831,pone = 0.11,ptwo = 1.01025)\n",
      "     p.d.f value is less than zero (-3.502616), forcing value to zero @ actualVars=(mass = 0.156046,pzeroz = -0.010831,pone = 0.11,ptwo = 1.01025)\n",
      "     p.d.f normalization integral is zero or negative @ actualVars=(mass = 0.156046,pzeroz = -0.010831,pone = 0.11,ptwo = 1.01025)\n",
      "     p.d.f value is less than zero (-0.674468), forcing value to zero @ actualVars=(mass = 0.145403,pzeroz = -0.010831,pone = 0.11,ptwo = 1.01025)\n",
      "     p.d.f normalization integral is zero or negative @ actualVars=(mass = 0.145403,pzeroz = -0.010831,pone = 0.11,ptwo = 1.01025)\n",
      "     p.d.f value is less than zero (-1.312528), forcing value to zero @ actualVars=(mass = 0.148918,pzeroz = -0.010831,pone = 0.11,ptwo = 1.01025)\n",
      "     p.d.f normalization integral is zero or negative @ actualVars=(mass = 0.148918,pzeroz = -0.010831,pone = 0.11,ptwo = 1.01025)\n",
      "     p.d.f value is less than zero (-0.239988), forcing value to zero @ actualVars=(mass = 0.142051,pzeroz = -0.010831,pone = 0.11,ptwo = 1.01025)\n",
      "     p.d.f normalization integral is zero or negative @ actualVars=(mass = 0.142051,pzeroz = -0.010831,pone = 0.11,ptwo = 1.01025)\n",
      "    ... (remaining 2038 messages suppressed)\n",
      "\n",
      "[#0] WARNING:Minization -- RooMinimizerFcn: Minimized function has error status.\n",
      "Returning maximum FCN so far (-275587) to force MIGRAD to back out of this region. Error log follows\n",
      "Parameter values: mean=0.1455, pone=0.11, ptwo=1.01025, pzeroz=-0.00203173, sigma g1=0.001, sigma g2=0.001, yield back=50000, yield g1=4500, yield g2=4500\n",
      "RooGenericPdf::Phen thrs func[ actualVars=(mass,pzeroz,pone,ptwo) formula=\"(1 - exp(-(@0 -0.13957)/@1)) * (@0/0.13957)**@2 + @3 * (@0/0.13957 - 1)\" ]\n",
      "     p.d.f value is less than zero (-8776.592415), forcing value to zero @ actualVars=(mass = 0.15799,pzeroz = -0.00203173,pone = 0.11,ptwo = 1.01025)\n",
      "     p.d.f normalization integral is zero or negative @ actualVars=(mass = 0.15799,pzeroz = -0.00203173,pone = 0.11,ptwo = 1.01025)\n",
      "     p.d.f value is less than zero (-19.405481), forcing value to zero @ actualVars=(mass = 0.145693,pzeroz = -0.00203173,pone = 0.11,ptwo = 1.01025)\n",
      "     p.d.f normalization integral is zero or negative @ actualVars=(mass = 0.145693,pzeroz = -0.00203173,pone = 0.11,ptwo = 1.01025)\n",
      "     p.d.f value is less than zero (-3365.508484), forcing value to zero @ actualVars=(mass = 0.156046,pzeroz = -0.00203173,pone = 0.11,ptwo = 1.01025)\n",
      "     p.d.f normalization integral is zero or negative @ actualVars=(mass = 0.156046,pzeroz = -0.00203173,pone = 0.11,ptwo = 1.01025)\n",
      "     p.d.f value is less than zero (-16.684232), forcing value to zero @ actualVars=(mass = 0.145403,pzeroz = -0.00203173,pone = 0.11,ptwo = 1.01025)\n",
      "     p.d.f normalization integral is zero or negative @ actualVars=(mass = 0.145403,pzeroz = -0.00203173,pone = 0.11,ptwo = 1.01025)\n",
      "     p.d.f value is less than zero (-99.209102), forcing value to zero @ actualVars=(mass = 0.148918,pzeroz = -0.00203173,pone = 0.11,ptwo = 1.01025)\n",
      "     p.d.f normalization integral is zero or negative @ actualVars=(mass = 0.148918,pzeroz = -0.00203173,pone = 0.11,ptwo = 1.01025)\n",
      "     p.d.f value is less than zero (-2.378060), forcing value to zero @ actualVars=(mass = 0.142051,pzeroz = -0.00203173,pone = 0.11,ptwo = 1.01025)\n",
      "     p.d.f normalization integral is zero or negative @ actualVars=(mass = 0.142051,pzeroz = -0.00203173,pone = 0.11,ptwo = 1.01025)\n",
      "    ... (remaining 2038 messages suppressed)\n",
      "\n",
      "[#0] WARNING:Minization -- RooMinimizerFcn: Minimized function has error status.\n",
      "Returning maximum FCN so far (-275587) to force MIGRAD to back out of this region. Error log follows\n",
      "Parameter values: mean=0.1455, pone=0.11, ptwo=1.01025, pzeroz=-0.00195343, sigma g1=0.001, sigma g2=0.001, yield back=50000, yield g1=4500, yield g2=4500\n",
      "RooGenericPdf::Phen thrs func[ actualVars=(mass,pzeroz,pone,ptwo) formula=\"(1 - exp(-(@0 -0.13957)/@1)) * (@0/0.13957)**@2 + @3 * (@0/0.13957 - 1)\" ]\n",
      "     p.d.f value is less than zero (-12622.867001), forcing value to zero @ actualVars=(mass = 0.15799,pzeroz = -0.00195343,pone = 0.11,ptwo = 1.01025)\n",
      "     p.d.f normalization integral is zero or negative @ actualVars=(mass = 0.15799,pzeroz = -0.00195343,pone = 0.11,ptwo = 1.01025)\n",
      "     p.d.f value is less than zero (-22.031398), forcing value to zero @ actualVars=(mass = 0.145693,pzeroz = -0.00195343,pone = 0.11,ptwo = 1.01025)\n",
      "     p.d.f normalization integral is zero or negative @ actualVars=(mass = 0.145693,pzeroz = -0.00195343,pone = 0.11,ptwo = 1.01025)\n",
      "     p.d.f value is less than zero (-4658.529194), forcing value to zero @ actualVars=(mass = 0.156046,pzeroz = -0.00195343,pone = 0.11,ptwo = 1.01025)\n",
      "     p.d.f normalization integral is zero or negative @ actualVars=(mass = 0.156046,pzeroz = -0.00195343,pone = 0.11,ptwo = 1.01025)\n",
      "     p.d.f value is less than zero (-18.846420), forcing value to zero @ actualVars=(mass = 0.145403,pzeroz = -0.00195343,pone = 0.11,ptwo = 1.01025)\n",
      "     p.d.f normalization integral is zero or negative @ actualVars=(mass = 0.145403,pzeroz = -0.00195343,pone = 0.11,ptwo = 1.01025)\n",
      "     p.d.f value is less than zero (-119.516827), forcing value to zero @ actualVars=(mass = 0.148918,pzeroz = -0.00195343,pone = 0.11,ptwo = 1.01025)\n",
      "     p.d.f normalization integral is zero or negative @ actualVars=(mass = 0.148918,pzeroz = -0.00195343,pone = 0.11,ptwo = 1.01025)\n",
      "     p.d.f value is less than zero (-2.548520), forcing value to zero @ actualVars=(mass = 0.142051,pzeroz = -0.00195343,pone = 0.11,ptwo = 1.01025)\n",
      "     p.d.f normalization integral is zero or negative @ actualVars=(mass = 0.142051,pzeroz = -0.00195343,pone = 0.11,ptwo = 1.01025)\n",
      "    ... (remaining 2038 messages suppressed)\n",
      "\n",
      " FCN=-296338 FROM MIGRAD    STATUS=INITIATE      258 CALLS         259 TOTAL\n",
      "                     EDM= unknown      STRATEGY= 1      NO ERROR MATRIX       \n",
      "  EXT PARAMETER               CURRENT GUESS       STEP         FIRST   \n",
      "  NO.   NAME      VALUE            ERROR          SIZE      DERIVATIVE \n",
      "   1  mean         1.45500e-01   2.00000e-03   0.00000e+00   2.35441e+04\n",
      "   2  pone         1.10000e-01   2.00000e+00   0.00000e+00  -1.59397e+01\n",
      "   3  ptwo         3.20755e+00   1.90000e+00  -6.49200e-01   5.86546e+00\n",
      "   4  pzeroz       2.37447e-03   1.50000e+00   0.00000e+00  -1.05857e+05\n",
      "   5  sigma g1     2.98658e-04   5.00000e-04   0.00000e+00  -3.89340e+04\n",
      "   6  sigma g2     4.68554e-04   5.00000e-04   0.00000e+00  -5.43884e+04\n",
      "   7  yield back   1.45880e+04   5.00000e+03   0.00000e+00   1.70577e+01\n",
      "   8  yield g1     4.50000e+03   7.00000e+02   0.00000e+00   6.38942e+02\n",
      "   9  yield g2     4.50000e+03   2.50000e+02   0.00000e+00   1.38966e+02\n",
      "                               ERR DEF= 0.5\n",
      " MIGRAD MINIMIZATION HAS CONVERGED.\n",
      " MIGRAD WILL VERIFY CONVERGENCE AND ERROR MATRIX.\n",
      " EIGENVALUES OF SECOND-DERIVATIVE MATRIX:\n",
      "        -1.3754e-03  2.9579e-02  1.5058e-01  5.2333e-01  9.0341e-01  1.0247e+00  1.3978e+00  1.9440e+00  3.0279e+00\n",
      " MINUIT WARNING IN HESSE   \n",
      " ============== MATRIX FORCED POS-DEF BY ADDING 0.004403 TO DIAGONAL.\n",
      " FCN=-296765 FROM MIGRAD    STATUS=CONVERGED     706 CALLS         707 TOTAL\n",
      "                     EDM=0.000133377    STRATEGY= 1      ERR MATRIX NOT POS-DEF\n",
      "  EXT PARAMETER                APPROXIMATE        STEP         FIRST   \n",
      "  NO.   NAME      VALUE            ERROR          SIZE      DERIVATIVE \n",
      "   1  mean         1.45418e-01   6.41908e-06   2.70656e-04   1.95130e+00\n",
      "   2  pone         1.00654e+00   5.38100e+00   1.59321e-02   3.11209e-02\n",
      "   3  ptwo         4.12923e+00   5.62084e+00   2.85141e-02  -6.97623e-03\n",
      "   4  pzeroz       2.76531e-03   3.90499e-04   8.99143e-06   1.69634e+02\n",
      "   5  sigma g1     3.22919e-04   1.38070e-05   1.54071e-04  -1.20105e+00\n",
      "   6  sigma g2     7.21486e-04   3.13304e-05   2.17465e-04  -5.20354e+00\n",
      "   7  yield back   1.39309e+04   1.37548e+02   1.84772e-03  -3.10768e-01\n",
      "   8  yield g1     3.99638e+03   3.33903e+02   9.48267e-03   8.37114e-05\n",
      "   9  yield g2     4.36153e+03   3.15236e+02   2.24714e-02   7.90799e-03\n",
      "                               ERR DEF= 0.5\n",
      " EXTERNAL ERROR MATRIX.    NDIM=  25    NPAR=  9    ERR DEF=0.5\n",
      "  4.120e-11 -2.811e-08 -4.013e-07 -1.302e-10  6.586e-12  6.241e-12 -1.681e-05  9.607e-05 -7.929e-05 \n",
      " -2.811e-08  3.232e+01  3.643e+01 -1.420e-03  8.017e-07  4.590e-06 -7.400e+00  3.128e+01 -2.391e+01 \n",
      " -4.013e-07  3.643e+01  4.234e+01 -1.315e-03 -6.512e-07 -3.996e-06  2.913e+01 -2.182e+01 -7.400e+00 \n",
      " -1.302e-10 -1.420e-03 -1.315e-03  1.525e-07 -1.832e-10 -1.045e-09  4.515e-03 -6.419e-03  1.896e-03 \n",
      "  6.586e-12  8.017e-07 -6.512e-07 -1.832e-10  1.906e-10  2.619e-10 -2.281e-04  3.810e-03 -3.587e-03 \n",
      "  6.241e-12  4.590e-06 -3.996e-06 -1.045e-09  2.619e-10  9.816e-10 -1.348e-03  8.718e-03 -7.380e-03 \n",
      " -1.681e-05 -7.400e+00  2.913e+01  4.515e-03 -2.281e-04 -1.348e-03  1.892e+04 -8.532e+03  3.484e+03 \n",
      "  9.607e-05  3.128e+01 -2.182e+01 -6.419e-03  3.810e-03  8.718e-03 -8.532e+03  1.118e+05 -9.946e+04 \n",
      " -7.929e-05 -2.391e+01 -7.400e+00  1.896e-03 -3.587e-03 -7.380e-03  3.484e+03 -9.946e+04  1.006e+05 \n",
      "ERR MATRIX NOT POS-DEF\n",
      " PARAMETER  CORRELATION COEFFICIENTS  \n",
      "       NO.  GLOBAL      1      2      3      4      5      6      7      8      9\n",
      "        1  0.10842   1.000 -0.001 -0.010 -0.052  0.074  0.031 -0.019  0.045 -0.039\n",
      "        2  0.99726  -0.001  1.000  0.985 -0.640  0.010  0.026 -0.009  0.016 -0.013\n",
      "        3  0.99664  -0.010  0.985  1.000 -0.517 -0.007 -0.020  0.033 -0.010 -0.004\n",
      "        4  0.92227  -0.052 -0.640 -0.517  1.000 -0.034 -0.085  0.084 -0.049  0.015\n",
      "        5  0.84685   0.074  0.010 -0.007 -0.034  1.000  0.605 -0.120  0.825 -0.819\n",
      "        6  0.86927   0.031  0.026 -0.020 -0.085  0.605  1.000 -0.313  0.832 -0.743\n",
      "        7  0.43032  -0.019 -0.009  0.033  0.084 -0.120 -0.313  1.000 -0.185  0.080\n",
      "        8  0.96545   0.045  0.016 -0.010 -0.049  0.825  0.832 -0.185  1.000 -0.938\n",
      "        9  0.94947  -0.039 -0.013 -0.004  0.015 -0.819 -0.743  0.080 -0.938  1.000\n",
      " ERR MATRIX NOT POS-DEF\n",
      " **********\n",
      " **    7 **HESSE        4500\n",
      " **********\n",
      " COVARIANCE MATRIX CALCULATED SUCCESSFULLY\n",
      " FCN=-296765 FROM HESSE     STATUS=OK             75 CALLS         782 TOTAL\n",
      "                     EDM=0.00189882    STRATEGY= 1      ERROR MATRIX ACCURATE \n",
      "  EXT PARAMETER                                INTERNAL      INTERNAL  \n",
      "  NO.   NAME      VALUE            ERROR       STEP SIZE       VALUE   \n",
      "   1  mean         1.45418e-01   6.44598e-06   5.41312e-05  -4.75986e-01\n",
      "   2  pone         1.00654e+00   1.43438e+01   6.37285e-04   1.00824e-01\n",
      "   3  ptwo         4.12923e+00   1.41490e+01   1.14056e-03  -2.40657e+00\n",
      "   4  pzeroz       2.76531e-03   1.95783e-03   3.59657e-07  -9.57804e-01\n",
      "   5  sigma g1     3.22919e-04   2.03503e-05   6.16283e-06  -1.53485e+00\n",
      "   6  sigma g2     7.21486e-04   4.54721e-05   8.69860e-06  -1.51707e+00\n",
      "   7  yield back   1.39309e+04   1.45688e+02   7.39088e-05  -5.65260e-01\n",
      "   8  yield g1     3.99638e+03   5.28766e+02   3.79307e-04   1.42302e-01\n",
      "   9  yield g2     4.36153e+03   4.89179e+02   8.98856e-04  -5.44323e+00\n",
      "                               ERR DEF= 0.5\n",
      " EXTERNAL ERROR MATRIX.    NDIM=  25    NPAR=  9    ERR DEF=0.5\n",
      "  4.155e-11 -4.848e-06 -5.990e-06  5.606e-11  1.239e-11  1.926e-11 -3.086e-05  2.590e-04 -2.282e-04 \n",
      " -4.848e-06  2.063e+03  2.346e+03 -8.778e-02 -1.406e-04 -5.492e-04  1.783e+03 -4.492e+03  2.709e+03 \n",
      " -5.990e-06  2.346e+03  2.669e+03 -9.950e-02 -1.638e-04 -6.393e-04  2.073e+03 -5.231e+03  3.158e+03 \n",
      "  5.606e-11 -8.778e-02 -9.950e-02  3.833e-06  5.599e-09  2.187e-08 -7.043e-02  1.792e-01 -1.088e-01 \n",
      "  1.239e-11 -1.406e-04 -1.638e-04  5.599e-09  4.141e-10  7.455e-10 -6.773e-04  9.967e-03 -9.290e-03 \n",
      "  1.926e-11 -5.492e-04 -6.393e-04  2.187e-08  7.455e-10  2.068e-09 -2.548e-03  2.215e-02 -1.961e-02 \n",
      " -3.086e-05  1.783e+03  2.073e+03 -7.043e-02 -6.773e-04 -2.548e-03  2.123e+04 -2.150e+04  1.421e+04 \n",
      "  2.590e-04 -4.492e+03 -5.231e+03  1.792e-01  9.967e-03  2.215e-02 -2.150e+04  2.818e+05 -2.563e+05 \n",
      " -2.282e-04  2.709e+03  3.158e+03 -1.088e-01 -9.290e-03 -1.961e-02  1.421e+04 -2.563e+05  2.465e+05 \n",
      " PARAMETER  CORRELATION COEFFICIENTS  \n",
      "       NO.  GLOBAL      1      2      3      4      5      6      7      8      9\n",
      "        1  0.12519   1.000 -0.017 -0.018  0.004  0.094  0.066 -0.033  0.076 -0.071\n",
      "        2  0.99996  -0.017  1.000  1.000 -0.987 -0.152 -0.266  0.269 -0.186  0.120\n",
      "        3  0.99995  -0.018  1.000  1.000 -0.984 -0.156 -0.272  0.275 -0.191  0.123\n",
      "        4  0.99701   0.004 -0.987 -0.984  1.000  0.141  0.246 -0.247  0.172 -0.112\n",
      "        5  0.93232   0.094 -0.152 -0.156  0.141  1.000  0.806 -0.228  0.923 -0.920\n",
      "        6  0.93993   0.066 -0.266 -0.272  0.246  0.806  1.000 -0.385  0.918 -0.868\n",
      "        7  0.52009  -0.033  0.269  0.275 -0.247 -0.228 -0.385  1.000 -0.278  0.196\n",
      "        8  0.98637   0.076 -0.186 -0.191  0.172  0.923  0.918 -0.278  1.000 -0.973\n",
      "        9  0.97960  -0.071  0.120  0.123 -0.112 -0.920 -0.868  0.196 -0.973  1.000\n",
      " **********\n",
      " **    8 **SET ERR         0.5\n",
      " **********\n",
      " **********\n",
      " **    9 **SET PRINT           1\n",
      " **********\n",
      " **********\n",
      " **   10 **HESSE        4500\n",
      " **********\n",
      " COVARIANCE MATRIX CALCULATED SUCCESSFULLY\n",
      " FCN=-296765 FROM HESSE     STATUS=OK             73 CALLS         855 TOTAL\n",
      "                     EDM=0.00106332    STRATEGY= 1      ERROR MATRIX ACCURATE \n",
      "  EXT PARAMETER                                INTERNAL      INTERNAL  \n",
      "  NO.   NAME      VALUE            ERROR       STEP SIZE       VALUE   \n",
      "   1  mean         1.45418e-01   6.44581e-06   1.08262e-05  -4.75986e-01\n",
      "   2  pone         1.00654e+00   1.05473e+01   1.27457e-04   1.00824e-01\n",
      "   3  ptwo         4.12923e+00   1.09111e+01   2.28113e-04  -2.40657e+00\n",
      "   4  pzeroz       2.76531e-03   1.40917e-03   2.28358e-07  -9.57804e-01\n",
      "   5  sigma g1     3.22919e-04   2.05306e-05   1.23257e-06  -1.53485e+00\n",
      "   6  sigma g2     7.21486e-04   4.53517e-05   1.73972e-06  -1.51707e+00\n",
      "   7  yield back   1.39309e+04   1.43314e+02   1.47818e-05  -5.65260e-01\n",
      "   8  yield g1     3.99638e+03   5.32821e+02   1.51723e-05   1.42302e-01\n",
      "   9  yield g2     4.36153e+03   4.94825e+02   1.79771e-04  -5.44323e+00\n",
      "                               ERR DEF= 0.5\n",
      " EXTERNAL ERROR MATRIX.    NDIM=  25    NPAR=  9    ERR DEF=0.5\n",
      "  4.155e-11 -2.566e-06 -3.397e-06 -4.090e-11  1.248e-11  1.921e-11 -2.928e-05  2.614e-04 -2.322e-04 \n",
      " -2.566e-06  1.035e+03  1.177e+03 -4.420e-02 -8.770e-05 -3.151e-04  9.314e+02 -2.735e+03  1.801e+03 \n",
      " -3.397e-06  1.177e+03  1.339e+03 -4.993e-02 -1.037e-04 -3.732e-04  1.104e+03 -3.234e+03  2.127e+03 \n",
      " -4.090e-11 -4.420e-02 -4.993e-02  1.986e-06  3.351e-09  1.194e-08 -3.432e-02  1.046e-01 -7.018e-02 \n",
      "  1.248e-11 -8.770e-05 -1.037e-04  3.351e-09  4.215e-10  7.541e-10 -6.467e-04  1.015e-02 -9.504e-03 \n",
      "  1.921e-11 -3.151e-04 -3.732e-04  1.194e-08  7.541e-10  2.057e-09 -2.381e-03  2.231e-02 -1.993e-02 \n",
      " -2.928e-05  9.314e+02  1.104e+03 -3.432e-02 -6.467e-04 -2.381e-03  2.054e+04 -2.041e+04  1.380e+04 \n",
      "  2.614e-04 -2.735e+03 -3.234e+03  1.046e-01  1.015e-02  2.231e-02 -2.041e+04  2.862e+05 -2.618e+05 \n",
      " -2.322e-04  1.801e+03  2.127e+03 -7.018e-02 -9.504e-03 -1.993e-02  1.380e+04 -2.618e+05  2.524e+05 \n",
      " PARAMETER  CORRELATION COEFFICIENTS  \n",
      "       NO.  GLOBAL      1      2      3      4      5      6      7      8      9\n",
      "        1  0.12499   1.000 -0.012 -0.014 -0.005  0.094  0.066 -0.032  0.076 -0.072\n",
      "        2  0.99991  -0.012  1.000  0.999 -0.975 -0.133 -0.216  0.202 -0.159  0.111\n",
      "        3  0.99989  -0.014  0.999  1.000 -0.968 -0.138 -0.225  0.210 -0.165  0.116\n",
      "        4  0.99422  -0.005 -0.975 -0.968  1.000  0.116  0.187 -0.170  0.139 -0.099\n",
      "        5  0.93355   0.094 -0.133 -0.138  0.116  1.000  0.810 -0.220  0.924 -0.921\n",
      "        6  0.93961   0.066 -0.216 -0.225  0.187  0.810  1.000 -0.366  0.920 -0.875\n",
      "        7  0.49611  -0.032  0.202  0.210 -0.170 -0.220 -0.366  1.000 -0.266  0.192\n",
      "        8  0.98659   0.076 -0.159 -0.165  0.139  0.924  0.920 -0.266  1.000 -0.974\n",
      "        9  0.98008  -0.072  0.111  0.116 -0.099 -0.921 -0.875  0.192 -0.974  1.000\n",
      "[#1] INFO:Fitting -- RooAbsPdf::fitTo(model) Calculating sum-of-weights-squared correction matrix for covariance matrix\n",
      " **********\n",
      " **   11 **SET ERR         0.5\n",
      " **********\n",
      " **********\n",
      " **   12 **SET PRINT           1\n",
      " **********\n",
      " **********\n",
      " **   13 **HESSE        4500\n",
      " **********\n",
      " COVARIANCE MATRIX CALCULATED SUCCESSFULLY\n",
      " FCN=-296765 FROM HESSE     STATUS=OK             73 CALLS         928 TOTAL\n",
      "                     EDM=0.00429075    STRATEGY= 1      ERROR MATRIX ACCURATE \n",
      "  EXT PARAMETER                                INTERNAL      INTERNAL  \n",
      "  NO.   NAME      VALUE            ERROR       STEP SIZE       VALUE   \n",
      "   1  mean         1.45418e-01   6.44338e-06   2.16525e-06  -4.75986e-01\n",
      "   2  pone         1.00654e+00   1.53383e+01   2.54914e-05   1.00824e-01\n",
      "   3  ptwo         4.12923e+00   1.02121e+01   4.56226e-05  -2.40657e+00\n",
      "   4  pzeroz       2.76531e-03   3.29211e-03   2.28358e-07  -9.57804e-01\n",
      "   5  sigma g1     3.22919e-04   1.93144e-05   3.65938e-07  -1.53485e+00\n",
      "   6  sigma g2     7.21486e-04   4.14745e-05   3.61697e-07  -1.51707e+00\n",
      "   7  yield back   1.39309e+04   1.47321e+02   2.95635e-06  -5.65260e-01\n",
      "   8  yield g1     3.99638e+03   4.93064e+02   3.03445e-06   1.42302e-01\n",
      "   9  yield g2     4.36153e+03   4.72273e+02   3.59542e-05  -5.44323e+00\n",
      "                               ERR DEF= 0.5\n",
      " EXTERNAL ERROR MATRIX.    NDIM=  25    NPAR=  9    ERR DEF=0.5\n",
      "  4.152e-11  1.991e-06  1.789e-06 -2.362e-10  1.118e-11  1.591e-11 -2.380e-05  2.241e-04 -2.005e-04 \n",
      "  1.991e-06  5.865e+03  6.659e+03 -2.510e-01  2.543e-04 -4.307e-05  3.553e+03  6.295e+03 -9.488e+03 \n",
      "  1.789e-06  6.659e+03  7.561e+03 -2.846e-01  2.851e-04 -6.302e-05  4.078e+03  7.033e+03 -1.070e+04 \n",
      " -2.362e-10 -2.510e-01 -2.846e-01  1.084e-05 -1.128e-08  3.205e-10 -1.466e-01 -2.817e-01  4.128e-01 \n",
      "  1.118e-11  2.543e-04  2.851e-04 -1.128e-08  3.730e-10  6.135e-10 -3.246e-04  8.731e-03 -8.406e-03 \n",
      "  1.591e-11 -4.307e-05 -6.302e-05  3.205e-10  6.135e-10  1.720e-09 -1.933e-03  1.829e-02 -1.639e-02 \n",
      " -2.380e-05  3.553e+03  4.078e+03 -1.466e-01 -3.246e-04 -1.933e-03  2.170e+04 -1.163e+04  4.102e+03 \n",
      "  2.241e-04  6.295e+03  7.033e+03 -2.817e-01  8.731e-03  1.829e-02 -1.163e+04  2.448e+05 -2.292e+05 \n",
      " -2.005e-04 -9.488e+03 -1.070e+04  4.128e-01 -8.406e-03 -1.639e-02  4.102e+03 -2.292e+05  2.293e+05 \n",
      " PARAMETER  CORRELATION COEFFICIENTS  \n",
      "       NO.  GLOBAL      1      2      3      4      5      6      7      8      9\n",
      "        1  0.12197   1.000  0.004  0.003 -0.011  0.090  0.060 -0.025  0.070 -0.065\n",
      "        2  0.99998   0.004  1.000  1.000 -0.995  0.172 -0.014  0.315  0.166 -0.259\n",
      "        3  0.99998   0.003  1.000  1.000 -0.994  0.170 -0.017  0.318  0.163 -0.257\n",
      "        4  0.99894  -0.011 -0.995 -0.994  1.000 -0.177  0.002 -0.302 -0.173  0.262\n",
      "        5  0.92457   0.090  0.172  0.170 -0.177  1.000  0.766 -0.114  0.914 -0.909\n",
      "        6  0.92733   0.060 -0.014 -0.017  0.002  0.766  1.000 -0.316  0.891 -0.825\n",
      "        7  0.53537  -0.025  0.315  0.318 -0.302 -0.114 -0.316  1.000 -0.160  0.058\n",
      "        8  0.98436   0.070  0.166  0.163 -0.173  0.914  0.891 -0.160  1.000 -0.967\n",
      "        9  0.97805  -0.065 -0.259 -0.257  0.262 -0.909 -0.825  0.058 -0.967  1.000\n",
      "[#1] INFO:Minization -- RooMinimizer::optimizeConst: deactivating const optimization\n"
     ]
    }
   ],
   "source": [
    "result = model.fitTo(data, ROOT.RooFit.Extended(True), ROOT.RooFit.Range(0.14, 0.16), ROOT.RooFit.SumW2Error(True))"
   ]
  },
  {
   "cell_type": "code",
   "execution_count": 46,
   "id": "drawn-exploration",
   "metadata": {},
   "outputs": [
    {
     "name": "stdout",
     "output_type": "stream",
     "text": [
      "[#1] INFO:Plotting -- RooAbsPdf::plotOn(model) p.d.f was fitted in range and no explicit plot,norm range was specified, using fit range as default\n",
      "[#1] INFO:Plotting -- RooAbsPdf::plotOn(model) only plotting range 'fit_nll_model_data'\n",
      "[#1] INFO:Plotting -- RooAbsPdf::plotOn(model) p.d.f. curve is normalized using explicit choice of ranges 'fit_nll_model_data'\n",
      "[#1] INFO:NumericIntegration -- RooRealIntegral::init(Phen thrs func_Int[mass]) using numeric integrator RooIntegrator1D to calculate Int(mass)\n",
      "[#1] INFO:NumericIntegration -- RooRealIntegral::init(model_Int[mass|fit_nll_model_data]_Norm[mass]) using numeric integrator RooIntegrator1D to calculate Int(mass)\n",
      "[#1] INFO:Plotting -- RooAbsPdf::plotOn(model) p.d.f was fitted in range and no explicit plot,norm range was specified, using fit range as default\n",
      "[#1] INFO:Plotting -- RooAbsPdf::plotOn(model) only plotting range 'fit_nll_model_data'\n",
      "[#1] INFO:Plotting -- RooAbsPdf::plotOn(model) p.d.f. curve is normalized using explicit choice of ranges 'fit_nll_model_data'\n",
      "[#0] ERROR:Plotting -- RooAbsPdf::plotOn(model) ERROR: component selection set () does not match any components of p.d.f.\n",
      "[#1] INFO:Plotting -- RooAbsPdf::plotOn(model) p.d.f was fitted in range and no explicit plot,norm range was specified, using fit range as default\n",
      "[#1] INFO:Plotting -- RooAbsPdf::plotOn(model) only plotting range 'fit_nll_model_data'\n",
      "[#1] INFO:Plotting -- RooAbsPdf::plotOn(model) p.d.f. curve is normalized using explicit choice of ranges 'fit_nll_model_data'\n",
      "[#1] INFO:Plotting -- RooAbsPdf::plotOn(model) directly selected PDF components: (Phen thrs func)\n",
      "[#1] INFO:Plotting -- RooAbsPdf::plotOn(model) indirectly selected PDF components: ()\n",
      "[#1] INFO:NumericIntegration -- RooRealIntegral::init(Phen thrs func_Int[mass]) using numeric integrator RooIntegrator1D to calculate Int(mass)\n",
      "[#1] INFO:NumericIntegration -- RooRealIntegral::init(model_Int[mass|fit_nll_model_data]_Norm[mass]) using numeric integrator RooIntegrator1D to calculate Int(mass)\n",
      "[#0] ERROR:InputArguments -- RooPlot::findObject(frame_mass_558ff18b9210) cannot find object Signal\n"
     ]
    },
    {
     "name": "stderr",
     "output_type": "stream",
     "text": [
      "Warning in <TCanvas::Constructor>: Deleting canvas with same name: can\n",
      "Info in <TCanvas::Print>: png file Dstar_fit.png has been created\n"
     ]
    },
    {
     "data": {
