{
 "cells": [
  {
   "cell_type": "code",
   "execution_count": 2,
   "id": "appropriate-woman",
   "metadata": {},
   "outputs": [
    {
     "name": "stdout",
     "output_type": "stream",
     "text": [
      "Welcome to JupyROOT 6.16/00\n"
     ]
    }
   ],
   "source": [
    "import ROOT"
   ]
  },
  {
   "cell_type": "code",
   "execution_count": 3,
   "id": "robust-sheriff",
   "metadata": {},
   "outputs": [
    {
     "name": "stdout",
     "output_type": "stream",
     "text": [
      "\n",
      "\u001b[1mRooFit v3.60 -- Developed by Wouter Verkerke and David Kirkby\u001b[0m \n",
      "                Copyright (C) 2000-2013 NIKHEF, University of California & Stanford University\n",
      "                All rights reserved, please read http://roofit.sourceforge.net/license.txt\n",
      "\n",
      "[#1] INFO:Eval -- RooAbsReal::attachToTree(mass) TTree Float_t branch mass will be converted to double precision\n"
     ]
    }
   ],
   "source": [
    "file = ROOT.TFile.Open(\"../output/Charmonium2018B_test/dstar_charmonium_2018B.root\")\n",
    "\n",
    "mass = ROOT.RooRealVar(\"mass\", \"\", 0.14, 0.16)\n",
    "data = ROOT.RooDataSet(\"data\", \"\", file.Dstar, ROOT.RooArgSet(mass))"
   ]
  },
  {
   "cell_type": "code",
   "execution_count": 4,
   "id": "alpha-yukon",
   "metadata": {},
   "outputs": [],
   "source": [
    "## Signal definition\n",
    "\n",
    "# Gaussian 1\n",
    "\n",
    "yield_g1 = ROOT.RooRealVar(\"yield g1\", \"\", 1e3, 0, 8e4)\n",
    "mean = ROOT.RooRealVar(\"mean\",\"\", 0.1455, 0.14, 0.16)\n",
    "sigma_g1 = ROOT.RooRealVar(\"sigma g1\", \"\", 0.001, 0.0, 1.0)\n",
    "\n",
    "# Gaussian 2\n",
    "\n",
    "yield_g2 = ROOT.RooRealVar(\"yield g2\", \"\", 1e3, 0, 3e4)\n",
    "sigma_g2 = ROOT.RooRealVar(\"sigma g2\", \"\", 0.001, 0.0, 1.0)\n",
    "\n",
    "# Pdfs\n",
    "\n",
    "gauss1 = ROOT.RooGaussian(\"gauss 1\", \"\", mass, mean, sigma_g1)\n",
    "gauss2 = ROOT.RooGaussian(\"gauss 2\", \"\", mass, mean, sigma_g2)"
   ]
  },
  {
   "cell_type": "code",
   "execution_count": 5,
   "id": "outside-horror",
   "metadata": {},
   "outputs": [],
   "source": [
    "## Background\n",
    "\n",
    "# Phenomenological threshold function\n",
    "\n",
    "yield_back = ROOT.RooRealVar(\"yield back\", \"\", 1e4, 0, 2e4)\n",
    "p0 = ROOT.RooRealVar(\"pzeroz\",\"\", 1, -2, 20)\n",
    "p1 = ROOT.RooRealVar('pone',\"\", 9, -10, 10)\n",
    "p2 = ROOT.RooRealVar('ptwo',\"\", 10, 1, 20)\n",
    "#\n",
    "back = ROOT.RooGenericPdf(\"Phen thrs func\",\"\",\"(1 - exp(-(@0 -0.13957)/@1)) * (@0/0.13957)**@2 + @3 * (@0/0.13957 - 1)\", ROOT.RooArgList(mass,p0,p1,p2))"
   ]
  },
  {
   "cell_type": "code",
   "execution_count": 6,
   "id": "ready-cemetery",
   "metadata": {},
   "outputs": [],
   "source": [
    "# Model definition and fitting\n",
    "model = ROOT.RooAddPdf(\"model\", \"\", ROOT.RooArgList(gauss1, gauss2, back),\n",
    "                       ROOT.RooArgList(yield_g1, yield_g2, yield_back))\n",
    "\n",
    "#model = ROOT.RooAddPdf(\"model\", \"\", ROOT.RooArgList(gauss1, gauss2),\n",
    "#                     ROOT.RooArgList(yield_g1, yield_g2))"
   ]
  },
  {
   "cell_type": "code",
   "execution_count": 9,
   "id": "verified-furniture",
   "metadata": {},
   "outputs": [
    {
     "name": "stdout",
     "output_type": "stream",
     "text": [
      "[#1] INFO:Eval -- RooRealVar::setRange(mass) new range named 'fit' created with bounds [0.14,0.16]\n",
      "[#1] INFO:Fitting -- RooAbsOptTestStatistic::ctor(nll_model_data) constructing test statistic for sub-range named fit\n",
      "[#1] INFO:Eval -- RooRealVar::setRange(mass) new range named 'NormalizationRangeForfit' created with bounds [0.14,0.16]\n",
      "[#1] INFO:Eval -- RooRealVar::setRange(mass) new range named 'fit_nll_model_data' created with bounds [0.14,0.16]\n",
      "[#1] INFO:Fitting -- RooAbsOptTestStatistic::ctor(nll_model_data) fixing interpretation of coefficients of any RooAddPdf to full domain of observables \n",
      "[#1] INFO:NumericIntegration -- RooRealIntegral::init(Phen thrs func_Int[mass]) using numeric integrator RooIntegrator1D to calculate Int(mass)\n",
      "[#1] INFO:Minization -- RooMinimizer::optimizeConst: activating const optimization\n",
      "[#1] INFO:NumericIntegration -- RooRealIntegral::init(Phen thrs func_Int[mass]) using numeric integrator RooIntegrator1D to calculate Int(mass)\n",
      "[#1] INFO:Minization --  The following expressions will be evaluated in cache-and-track mode: (gauss 1,gauss 2,Phen thrs func)\n",
      " **********\n",
      " **    1 **SET PRINT           1\n",
      " **********\n",
      " **********\n",
      " **    2 **SET NOGRAD\n",
      " **********\n",
      " PARAMETER DEFINITIONS:\n",
      "    NO.   NAME         VALUE      STEP SIZE      LIMITS\n",
      "     1 mean         1.45500e-01  2.00000e-03    1.40000e-01  1.60000e-01\n",
      "     2 pone         9.00000e+00  5.00000e-01   -1.00000e+01  1.00000e+01\n",
      "     3 ptwo         1.00000e+01  1.90000e+00    1.00000e+00  2.00000e+01\n",
      "     4 pzeroz       1.00000e+00  1.50000e+00   -2.00000e+00  2.00000e+01\n",
      "     5 sigma g1     1.00000e-03  5.00000e-04    0.00000e+00  1.00000e+00\n",
      "     6 sigma g2     1.00000e-03  5.00000e-04    0.00000e+00  1.00000e+00\n",
      "     7 yield back   1.00000e+04  2.00000e+03    0.00000e+00  2.00000e+04\n",
      "     8 yield g1     1.00000e+03  5.00000e+02    0.00000e+00  8.00000e+04\n",
      "     9 yield g2     1.00000e+03  5.00000e+02    0.00000e+00  3.00000e+04\n",
      " **********\n",
      " **    3 **SET ERR         0.5\n",
      " **********\n",
      " **********\n",
      " **    4 **SET PRINT           1\n",
      " **********\n",
      " **********\n",
      " **    5 **SET STR           1\n",
      " **********\n",
      " NOW USING STRATEGY  1: TRY TO BALANCE SPEED AGAINST RELIABILITY\n",
      " **********\n",
      " **    6 **MIGRAD        4500           1\n",
      " **********\n",
      " FIRST CALL TO USER FUNCTION AT NEW START POINT, WITH IFLAG=4.\n",
      " START MIGRAD MINIMIZATION.  STRATEGY  1.  CONVERGENCE WHEN EDM .LT. 1.00e-03\n",
      "[#0] WARNING:Minization -- RooMinimizerFcn: Minimized function has error status.\n",
      "Returning maximum FCN so far (-286570) to force MIGRAD to back out of this region. Error log follows\n",
      "Parameter values: mean=0.1455, pone=-8.74234, ptwo=1.02023, pzeroz=-0.0655854, sigma g1=0.001, sigma g2=0.001, yield back=10000, yield g1=1000, yield g2=1000\n",
      "RooGenericPdf::Phen thrs func[ actualVars=(mass,pzeroz,pone,ptwo) formula=\"(1 - exp(-(@0 -0.13957)/@1)) * (@0/0.13957)**@2 + @3 * (@0/0.13957 - 1)\" ]\n",
      "     p.d.f value is less than zero (-0.022388), forcing value to zero @ actualVars=(mass = 0.146328,pzeroz = -0.0655854,pone = -8.74234,ptwo = 1.02023)\n",
      "     p.d.f value is less than zero (-0.020883), forcing value to zero @ actualVars=(mass = 0.147787,pzeroz = -0.0655854,pone = -8.74234,ptwo = 1.02023)\n",
      "     p.d.f value is less than zero (-0.022436), forcing value to zero @ actualVars=(mass = 0.145533,pzeroz = -0.0655854,pone = -8.74234,ptwo = 1.02023)\n",
      "     p.d.f value is less than zero (-0.021752), forcing value to zero @ actualVars=(mass = 0.144623,pzeroz = -0.0655854,pone = -8.74234,ptwo = 1.02023)\n",
      "     p.d.f value is less than zero (-0.022291), forcing value to zero @ actualVars=(mass = 0.146522,pzeroz = -0.0655854,pone = -8.74234,ptwo = 1.02023)\n",
      "     p.d.f value is less than zero (-0.022178), forcing value to zero @ actualVars=(mass = 0.145053,pzeroz = -0.0655854,pone = -8.74234,ptwo = 1.02023)\n",
      "     p.d.f value is less than zero (-0.022486), forcing value to zero @ actualVars=(mass = 0.145825,pzeroz = -0.0655854,pone = -8.74234,ptwo = 1.02023)\n",
      "     p.d.f value is less than zero (-0.006780), forcing value to zero @ actualVars=(mass = 0.152309,pzeroz = -0.0655854,pone = -8.74234,ptwo = 1.02023)\n",
      "     p.d.f value is less than zero (-0.000742), forcing value to zero @ actualVars=(mass = 0.153589,pzeroz = -0.0655854,pone = -8.74234,ptwo = 1.02023)\n",
      "     p.d.f value is less than zero (-0.001597), forcing value to zero @ actualVars=(mass = 0.153417,pzeroz = -0.0655854,pone = -8.74234,ptwo = 1.02023)\n",
      "     p.d.f value is less than zero (-0.021919), forcing value to zero @ actualVars=(mass = 0.14477,pzeroz = -0.0655854,pone = -8.74234,ptwo = 1.02023)\n",
      "     p.d.f value is less than zero (-0.021266), forcing value to zero @ actualVars=(mass = 0.144274,pzeroz = -0.0655854,pone = -8.74234,ptwo = 1.02023)\n",
      "    ... (remaining 2038 messages suppressed)\n",
      "\n",
      "[#0] WARNING:Minization -- RooMinimizerFcn: Minimized function has error status.\n",
      "Returning maximum FCN so far (-286570) to force MIGRAD to back out of this region. Error log follows\n",
      "Parameter values: mean=0.1455, pone=-8.74234, ptwo=1.02023, pzeroz=-0.00188029, sigma g1=0.001, sigma g2=0.001, yield back=10000, yield g1=1000, yield g2=1000\n",
      "RooGenericPdf::Phen thrs func[ actualVars=(mass,pzeroz,pone,ptwo) formula=\"(1 - exp(-(@0 -0.13957)/@1)) * (@0/0.13957)**@2 + @3 * (@0/0.13957 - 1)\" ]\n",
      "     p.d.f value is less than zero (-6079.605027), forcing value to zero @ actualVars=(mass = 0.15799,pzeroz = -0.00188029,pone = -8.74234,ptwo = 1.02023)\n",
      "     p.d.f normalization integral is zero or negative @ actualVars=(mass = 0.15799,pzeroz = -0.00188029,pone = -8.74234,ptwo = 1.02023)\n",
      "     p.d.f value is less than zero (-17.097729), forcing value to zero @ actualVars=(mass = 0.145693,pzeroz = -0.00188029,pone = -8.74234,ptwo = 1.02023)\n",
      "     p.d.f normalization integral is zero or negative @ actualVars=(mass = 0.145693,pzeroz = -0.00188029,pone = -8.74234,ptwo = 1.02023)\n",
      "     p.d.f value is less than zero (-2408.608123), forcing value to zero @ actualVars=(mass = 0.156046,pzeroz = -0.00188029,pone = -8.74234,ptwo = 1.02023)\n",
      "     p.d.f normalization integral is zero or negative @ actualVars=(mass = 0.156046,pzeroz = -0.00188029,pone = -8.74234,ptwo = 1.02023)\n",
      "     p.d.f value is less than zero (-14.808917), forcing value to zero @ actualVars=(mass = 0.145403,pzeroz = -0.00188029,pone = -8.74234,ptwo = 1.02023)\n",
      "     p.d.f normalization integral is zero or negative @ actualVars=(mass = 0.145403,pzeroz = -0.00188029,pone = -8.74234,ptwo = 1.02023)\n",
      "     p.d.f value is less than zero (-81.197445), forcing value to zero @ actualVars=(mass = 0.148918,pzeroz = -0.00188029,pone = -8.74234,ptwo = 1.02023)\n",
      "     p.d.f normalization integral is zero or negative @ actualVars=(mass = 0.148918,pzeroz = -0.00188029,pone = -8.74234,ptwo = 1.02023)\n",
      "     p.d.f value is less than zero (-2.332299), forcing value to zero @ actualVars=(mass = 0.142051,pzeroz = -0.00188029,pone = -8.74234,ptwo = 1.02023)\n",
      "     p.d.f normalization integral is zero or negative @ actualVars=(mass = 0.142051,pzeroz = -0.00188029,pone = -8.74234,ptwo = 1.02023)\n",
      "    ... (remaining 2038 messages suppressed)\n",
      "\n",
      " FCN=-291833 FROM MIGRAD    STATUS=INITIATE      253 CALLS         254 TOTAL\n",
      "                     EDM= unknown      STRATEGY= 1      NO ERROR MATRIX       \n",
      "  EXT PARAMETER               CURRENT GUESS       STEP         FIRST   \n",
      "  NO.   NAME      VALUE            ERROR          SIZE      DERIVATIVE \n",
      "   1  mean         1.45500e-01   2.00000e-03   0.00000e+00   1.79844e+04\n",
      "   2  pone        -8.74234e+00   5.00000e-01   0.00000e+00   1.61411e+01\n",
      "   3  ptwo         1.66979e+00   1.90000e+00   0.00000e+00   1.87198e+01\n",
      "   4  pzeroz       4.81676e-03   1.50000e+00   0.00000e+00   1.32884e+04\n",
      "   5  sigma g1     2.94607e-04   5.00000e-04   0.00000e+00  -8.41789e+03\n",
      "   6  sigma g2     4.26260e-04   5.00000e-04  -2.19610e-02  -1.14532e+03\n",
      "   7  yield back   1.00000e+04   2.00000e+03   0.00000e+00  -6.53491e+03\n",
      "   8  yield g1     1.00000e+03   5.00000e+02   0.00000e+00  -1.65133e+04\n",
      "   9  yield g2     1.00000e+03   5.00000e+02   0.00000e+00  -1.02081e+04\n",
      "                               ERR DEF= 0.5\n",
      " MIGRAD FAILS TO FIND IMPROVEMENT\n",
      " MACHINE ACCURACY LIMITS FURTHER IMPROVEMENT.\n",
      " MIGRAD MINIMIZATION HAS CONVERGED.\n",
      " MIGRAD WILL VERIFY CONVERGENCE AND ERROR MATRIX.\n",
      " COVARIANCE MATRIX CALCULATED SUCCESSFULLY\n",
      " FCN=-296765 FROM MIGRAD    STATUS=CONVERGED     829 CALLS         830 TOTAL\n",
      "                     EDM=0.000792109    STRATEGY= 1      ERROR MATRIX ACCURATE \n",
      "  EXT PARAMETER                                   STEP         FIRST   \n",
      "  NO.   NAME      VALUE            ERROR          SIZE      DERIVATIVE \n",
      "   1  mean         1.45418e-01   6.43491e-06   2.70651e-04   3.21971e-01\n",
      "   2  pone        -9.98688e+00   1.33153e+01   3.27836e-01   1.19232e-02\n",
      "   3  ptwo         6.19301e+00   9.15424e-01   1.54643e-02  -1.48915e-01\n",
      "   4  pzeroz       4.86962e-03   7.56334e-04   1.55601e-05  -1.76984e+02\n",
      "   5  sigma g1     3.20142e-04   1.79572e-05   1.56569e-04  -4.90162e-01\n",
      "   6  sigma g2     7.11297e-04   3.81424e-05   2.12800e-04   8.52610e-01\n",
      "   7  yield back   1.39635e+04   1.38349e+02   5.10440e-03   2.20780e-01\n",
      "   8  yield g1     3.90872e+03   4.59351e+02   1.89957e-03  -9.51916e-01\n",
      "   9  yield g2     4.41676e+03   4.36158e+02   3.53045e-03  -2.59486e-01\n",
      "                               ERR DEF= 0.5\n",
      " EXTERNAL ERROR MATRIX.    NDIM=  25    NPAR=  9    ERR DEF=0.5\n",
      "  4.141e-11 -3.611e-08  2.650e-07 -2.213e-10  9.312e-12  1.071e-11 -1.643e-05  1.670e-04 -1.504e-04 \n",
      " -3.611e-08  3.634e-01  1.755e-01 -2.513e-04  9.321e-08  4.139e-07 -1.358e+00  3.254e+00 -1.892e+00 \n",
      "  2.650e-07  1.755e-01  8.413e-01 -6.094e-04  1.497e-06  6.327e-06 -2.212e+01  4.952e+01 -2.734e+01 \n",
      " -2.213e-10 -2.513e-04 -6.094e-04  5.720e-07 -2.207e-10 -9.677e-10  4.780e-03 -6.821e-03  2.030e-03 \n",
      "  9.312e-12  9.321e-08  1.497e-06 -2.207e-10  3.225e-10  5.146e-10 -3.929e-04  7.402e-03 -7.005e-03 \n",
      "  1.071e-11  4.139e-07  6.327e-06 -9.677e-10  5.146e-10  1.455e-09 -1.636e-03  1.570e-02 -1.406e-02 \n",
      " -1.643e-05 -1.358e+00 -2.212e+01  4.780e-03 -3.929e-04 -1.636e-03  1.914e+04 -1.312e+04  7.933e+03 \n",
      "  1.670e-04  3.254e+00  4.952e+01 -6.821e-03  7.402e-03  1.570e-02 -1.312e+04  2.111e+05 -1.939e+05 \n",
      " -1.504e-04 -1.892e+00 -2.734e+01  2.030e-03 -7.005e-03 -1.406e-02  7.933e+03 -1.939e+05  1.903e+05 \n",
      " PARAMETER  CORRELATION COEFFICIENTS  \n",
      "       NO.  GLOBAL      1      2      3      4      5      6      7      8      9\n",
      "        1  0.11122   1.000 -0.009  0.045 -0.045  0.081  0.044 -0.018  0.056 -0.054\n",
      "        2  0.67345  -0.009  1.000  0.317 -0.551  0.009  0.018 -0.016  0.012 -0.007\n",
      "        3  0.92519   0.045  0.317  1.000 -0.878  0.091  0.181 -0.174  0.118 -0.068\n",
      "        4  0.93812  -0.045 -0.551 -0.878  1.000 -0.016 -0.034  0.046 -0.020  0.006\n",
      "        5  0.90998   0.081  0.009  0.091 -0.016  1.000  0.751 -0.158  0.897 -0.894\n",
      "        6  0.91851   0.044  0.018  0.181 -0.034  0.751  1.000 -0.310  0.896 -0.845\n",
      "        7  0.43500  -0.018 -0.016 -0.174  0.046 -0.158 -0.310  1.000 -0.206  0.131\n",
      "        8  0.98187   0.056  0.012  0.118 -0.020  0.897  0.896 -0.206  1.000 -0.968\n",
      "        9  0.97350  -0.054 -0.007 -0.068  0.006 -0.894 -0.845  0.131 -0.968  1.000\n",
      " **********\n",
      " **    7 **SET ERR         0.5\n",
      " **********\n",
      " **********\n",
      " **    8 **SET PRINT           1\n",
      " **********\n",
      " **********\n",
      " **    9 **HESSE        4500\n",
      " **********\n",
      " COVARIANCE MATRIX CALCULATED SUCCESSFULLY\n",
      " FCN=-296765 FROM HESSE     STATUS=OK             77 CALLS         907 TOTAL\n",
      "                     EDM=0.00087703    STRATEGY= 1      ERROR MATRIX ACCURATE \n",
      "  EXT PARAMETER                                INTERNAL      INTERNAL  \n",
      "  NO.   NAME      VALUE            ERROR       STEP SIZE       VALUE   \n",
      "   1  mean         1.45418e-01   6.44493e-06   1.08261e-05  -4.75998e-01\n",
      "   2  pone        -9.98688e+00   4.27941e+00   5.00000e-01  -1.62202e+00\n",
      "   3  ptwo         6.19301e+00   1.25850e+00   6.18572e-04  -4.70539e-01\n",
      "   4  pzeroz       4.86962e-03   1.11462e-03   6.22403e-07  -9.57472e-01\n",
      "   5  sigma g1     3.20142e-04   2.05634e-05   6.26274e-06  -1.53501e+00\n",
      "   6  sigma g2     7.11297e-04   4.28614e-05   8.51201e-06  -1.51745e+00\n",
      "   7  yield back   1.39635e+04   1.40117e+02   2.04176e-04   4.07541e-01\n",
      "   8  yield g1     3.90872e+03   5.30493e+02   3.79915e-04  -1.12503e+00\n",
      "   9  yield g2     4.41676e+03   5.02348e+02   1.41218e-04  -7.83198e-01\n",
      "                               ERR DEF= 0.5\n",
      " EXTERNAL ERROR MATRIX.    NDIM=  25    NPAR=  9    ERR DEF=0.5\n",
      "  4.154e-11  3.533e-08  5.062e-07 -4.215e-10  1.208e-11  1.679e-11 -2.426e-05  2.455e-04 -2.212e-04 \n",
      "  3.533e-08  2.429e-01  3.495e-01 -4.034e-04  4.335e-07  1.593e-06 -5.050e+00  1.370e+01 -8.647e+00 \n",
      "  5.062e-07  3.495e-01  1.596e+00 -1.310e-03  3.124e-06  1.138e-05 -3.628e+01  9.794e+01 -6.165e+01 \n",
      " -4.215e-10 -4.034e-04 -1.310e-03  1.242e-06 -1.320e-09 -4.871e-09  1.721e-02 -4.091e-02  2.369e-02 \n",
      "  1.208e-11  4.335e-07  3.124e-06 -1.320e-09  4.229e-10  7.093e-10 -5.560e-04  1.006e-02 -9.508e-03 \n",
      "  1.679e-11  1.593e-06  1.138e-05 -4.871e-09  7.093e-10  1.837e-09 -1.993e-03  2.087e-02 -1.887e-02 \n",
      " -2.426e-05 -5.050e+00 -3.628e+01  1.721e-02 -5.560e-04 -1.993e-03  1.963e+04 -1.756e+04  1.189e+04 \n",
      "  2.455e-04  1.370e+01  9.794e+01 -4.091e-02  1.006e-02  2.087e-02 -1.756e+04  2.815e+05 -2.600e+05 \n",
      " -2.212e-04 -8.647e+00 -6.165e+01  2.369e-02 -9.508e-03 -1.887e-02  1.189e+04 -2.600e+05  2.525e+05 \n",
      " PARAMETER  CORRELATION COEFFICIENTS  \n",
      "       NO.  GLOBAL      1      2      3      4      5      6      7      8      9\n",
      "        1  0.12426   1.000  0.011  0.062 -0.059  0.091  0.061 -0.027  0.072 -0.068\n",
      "        2  0.82225   0.011  1.000  0.561 -0.734  0.043  0.075 -0.073  0.052 -0.035\n",
      "        3  0.96128   0.062  0.561  1.000 -0.931  0.120  0.210 -0.205  0.146 -0.097\n",
      "        4  0.97199  -0.059 -0.734 -0.931  1.000 -0.058 -0.102  0.110 -0.069  0.042\n",
      "        5  0.93214   0.091  0.043  0.120 -0.058  1.000  0.805 -0.193  0.922 -0.920\n",
      "        6  0.93605   0.061  0.075  0.210 -0.102  0.805  1.000 -0.332  0.918 -0.876\n",
      "        7  0.45777  -0.027 -0.073 -0.205  0.110 -0.193 -0.332  1.000 -0.236  0.169\n",
      "        8  0.98644   0.072  0.052  0.146 -0.069  0.922  0.918 -0.236  1.000 -0.975\n",
      "        9  0.98010  -0.068 -0.035 -0.097  0.042 -0.920 -0.876  0.169 -0.975  1.000\n",
      "[#1] INFO:Fitting -- RooAbsPdf::fitTo(model) Calculating sum-of-weights-squared correction matrix for covariance matrix\n",
      " **********\n",
      " **   10 **SET ERR         0.5\n",
      " **********\n",
      " **********\n",
      " **   11 **SET PRINT           1\n",
      " **********\n",
      " **********\n",
      " **   12 **HESSE        4500\n",
      " **********\n",
      " COVARIANCE MATRIX CALCULATED SUCCESSFULLY\n",
      " FCN=-296765 FROM HESSE     STATUS=OK             77 CALLS         984 TOTAL\n",
      "                     EDM=0.00088893    STRATEGY= 1      ERROR MATRIX ACCURATE \n",
      "  EXT PARAMETER                                INTERNAL      INTERNAL  \n",
      "  NO.   NAME      VALUE            ERROR       STEP SIZE       VALUE   \n",
      "   1  mean         1.45418e-01   6.44564e-06   2.16521e-06  -4.75998e-01\n",
      "   2  pone        -9.98688e+00   4.31584e+00   5.00000e-01  -1.62202e+00\n",
      "   3  ptwo         6.19301e+00   1.27252e+00   1.23714e-04  -4.70539e-01\n",
      "   4  pzeroz       4.86962e-03   1.12678e-03   2.28279e-07  -9.57472e-01\n",
      "   5  sigma g1     3.20142e-04   2.07855e-05   1.25255e-06  -1.53501e+00\n",
      "   6  sigma g2     7.11297e-04   4.33323e-05   1.70240e-06  -1.51745e+00\n",
      "   7  yield back   1.39635e+04   1.40262e+02   4.08352e-05   4.07541e-01\n",
      "   8  yield g1     3.90872e+03   5.37116e+02   7.59829e-05  -1.12503e+00\n",
      "   9  yield g2     4.41676e+03   5.08482e+02   2.82436e-05  -7.83198e-01\n",
      "                               ERR DEF= 0.5\n",
      " EXTERNAL ERROR MATRIX.    NDIM=  25    NPAR=  9    ERR DEF=0.5\n",
      "  4.155e-11  3.860e-08  5.204e-07 -4.330e-10  1.232e-11  1.731e-11 -2.485e-05  2.521e-04 -2.273e-04 \n",
      "  3.860e-08  2.451e-01  3.582e-01 -4.111e-04  4.577e-07  1.663e-06 -5.219e+00  1.441e+01 -9.192e+00 \n",
      "  5.204e-07  3.582e-01  1.632e+00 -1.342e-03  3.263e-06  1.176e-05 -3.707e+01  1.020e+02 -6.492e+01 \n",
      " -4.330e-10 -4.111e-04 -1.342e-03  1.270e-06 -1.402e-09 -5.112e-09  1.783e-02 -4.334e-02  2.551e-02 \n",
      "  1.232e-11  4.577e-07  3.263e-06 -1.402e-09  4.320e-10  7.285e-10 -5.727e-04  1.032e-02 -9.747e-03 \n",
      "  1.731e-11  1.663e-06  1.176e-05 -5.112e-09  7.285e-10  1.878e-09 -2.030e-03  2.140e-02 -1.937e-02 \n",
      " -2.485e-05 -5.219e+00 -3.707e+01  1.783e-02 -5.727e-04 -2.030e-03  1.967e+04 -1.803e+04  1.232e+04 \n",
      "  2.521e-04  1.441e+01  1.020e+02 -4.334e-02  1.032e-02  2.140e-02 -1.803e+04  2.886e+05 -2.667e+05 \n",
      " -2.273e-04 -9.192e+00 -6.492e+01  2.551e-02 -9.747e-03 -1.937e-02  1.232e+04 -2.667e+05  2.588e+05 \n",
      " PARAMETER  CORRELATION COEFFICIENTS  \n",
      "       NO.  GLOBAL      1      2      3      4      5      6      7      8      9\n",
      "        1  0.12510   1.000  0.012  0.063 -0.060  0.092  0.062 -0.027  0.073 -0.069\n",
      "        2  0.82406   0.012  1.000  0.566 -0.737  0.044  0.078 -0.075  0.054 -0.037\n",
      "        3  0.96215   0.063  0.566  1.000 -0.932  0.123  0.212 -0.207  0.149 -0.100\n",
      "        4  0.97260  -0.060 -0.737 -0.932  1.000 -0.060 -0.105  0.113 -0.072  0.045\n",
      "        5  0.93363   0.092  0.044  0.123 -0.060  1.000  0.809 -0.196  0.924 -0.922\n",
      "        6  0.93748   0.062  0.078  0.212 -0.105  0.809  1.000 -0.334  0.919 -0.879\n",
      "        7  0.45955  -0.027 -0.075 -0.207  0.113 -0.196 -0.334  1.000 -0.239  0.173\n",
      "        8  0.98677   0.073  0.054  0.149 -0.072  0.924  0.919 -0.239  1.000 -0.976\n",
      "        9  0.98058  -0.069 -0.037 -0.100  0.045 -0.922 -0.879  0.173 -0.976  1.000\n",
      "[#1] INFO:Minization -- RooMinimizer::optimizeConst: deactivating const optimization\n"
     ]
    }
   ],
   "source": [
    "result = model.fitTo(data, ROOT.RooFit.Extended(True), ROOT.RooFit.Range(0.14, 0.16), ROOT.RooFit.SumW2Error(True))"
   ]
  },
  {
   "cell_type": "code",
   "execution_count": 10,
   "id": "celtic-boundary",
   "metadata": {},
   "outputs": [
    {
     "name": "stdout",
     "output_type": "stream",
     "text": [
      "[#1] INFO:Plotting -- RooAbsPdf::plotOn(model) p.d.f was fitted in range and no explicit plot,norm range was specified, using fit range as default\n",
      "[#1] INFO:Plotting -- RooAbsPdf::plotOn(model) only plotting range 'fit_nll_model_data'\n",
      "[#1] INFO:Plotting -- RooAbsPdf::plotOn(model) p.d.f. curve is normalized using explicit choice of ranges 'fit_nll_model_data'\n",
      "[#1] INFO:NumericIntegration -- RooRealIntegral::init(Phen thrs func_Int[mass]) using numeric integrator RooIntegrator1D to calculate Int(mass)\n",
      "[#1] INFO:NumericIntegration -- RooRealIntegral::init(model_Int[mass|fit_nll_model_data]_Norm[mass]) using numeric integrator RooIntegrator1D to calculate Int(mass)\n"
     ]
    },
    {
     "name": "stderr",
     "output_type": "stream",
     "text": [
      "Info in <TCanvas::MakeDefCanvas>:  created default TCanvas with name c1\n"
     ]
    }
   ],
   "source": [
    "frame = mass.frame(ROOT.RooFit.Title(\"Dstar\"))\n",
    "data.plotOn(frame)\n",
    "model.plotOn(frame)\n",
    "frame.Draw()"
   ]
  },
  {
   "cell_type": "code",
   "execution_count": 11,
   "id": "antique-growing",
   "metadata": {},
   "outputs": [
    {
     "data": {
