[#1] INFO:Minization -- RooMinimizer::optimizeConst: activating const optimization
[#1] INFO:Minization --  The following expressions will be evaluated in cache-and-track mode: (gauss,crystal ball,back_exp)
 **********
 **    1 **SET PRINT           1
 **********
 **********
 **    2 **SET NOGRAD
 **********
 PARAMETER DEFINITIONS:
    NO.   NAME         VALUE      STEP SIZE      LIMITS
     1 alpha        1.40000e+00  7.00000e-01    0.00000e+00  1.00000e+01
     2 exp_coef    -3.00000e+00  1.00000e+00   -5.00000e+00  5.00000e+00
     3 frac_gauss   2.00000e-01  1.00000e-01    0.00000e+00  1.00000e+00
     4 mean         3.09000e+00  3.00000e-02    2.95000e+00  3.25000e+00
     5 sigma cb     3.00000e-02  1.49995e-02    1.00000e-06  1.00000e+00
     6 sigma gauss   3.00000e-02  1.49995e-02    1.00000e-06  1.00000e+00
     7 yield_cb     2.00000e-01  1.00000e-01    0.00000e+00  1.00000e+00
 **********
 **    3 **SET ERR         0.5
 **********
 **********
 **    4 **SET PRINT           1
 **********
 **********
 **    5 **SET STR           1
 **********
 NOW USING STRATEGY  1: TRY TO BALANCE SPEED AGAINST RELIABILITY
 **********
 **    6 **MIGRAD        3500           1
 **********
 FIRST CALL TO USER FUNCTION AT NEW START POINT, WITH IFLAG=4.
 START MIGRAD MINIMIZATION.  STRATEGY  1.  CONVERGENCE WHEN EDM .LT. 1.00e-03
 FCN=-1.81723e+06 FROM MIGRAD    STATUS=INITIATE       93 CALLS          94 TOTAL
                     EDM= unknown      STRATEGY= 1      NO ERROR MATRIX       
  EXT PARAMETER               CURRENT GUESS       STEP         FIRST   
  NO.   NAME      VALUE            ERROR          SIZE      DERIVATIVE 
   1  alpha        1.40000e+00   7.00000e-01   0.00000e+00  -1.89087e+03
   2  exp_coef    -3.00000e+00   1.00000e+00   0.00000e+00  -4.20010e+03
   3  frac_gauss   7.78879e-01   1.00000e-01   0.00000e+00  -3.55364e+04
   4  mean         3.09000e+00   3.00000e-02   0.00000e+00  -4.45716e+05
   5  sigma cb     9.60167e-03   1.49995e-02  -1.51879e-01  -1.07515e+03
   6  sigma gauss   3.00000e-02   1.49995e-02   0.00000e+00   8.05350e+03
   7  yield_cb     2.00000e-01   1.00000e-01   0.00000e+00  -1.07210e+04
                               ERR DEF= 0.5
 MIGRAD MINIMIZATION HAS CONVERGED.
 FCN=-1.82826e+06 FROM MIGRAD    STATUS=CONVERGED     416 CALLS         417 TOTAL
                     EDM=2.8435e-05    STRATEGY= 1  ERROR MATRIX UNCERTAINTY   9.9 per cent
  EXT PARAMETER                                   STEP         FIRST   
  NO.   NAME      VALUE            ERROR          SIZE      DERIVATIVE 
   1  alpha        5.86023e+00   9.96334e-02  -3.20418e-04   5.59650e-01
   2  exp_coef    -3.42381e+00   4.67448e-02   1.37861e-04   1.48462e-01
   3  frac_gauss   4.91405e-01   6.13923e-03   2.04860e-04  -4.03096e-01
   4  mean         3.09356e+00   3.57283e-05   2.53694e-06   3.65566e+00
   5  sigma cb     2.04837e-02   1.34899e-04  -1.40815e-05   4.59406e-01
   6  sigma gauss   4.05300e-02   2.39254e-04  -1.87683e-05   5.59747e+00
   7  yield_cb     8.02065e-01   3.71023e-03  -1.49731e-04  -1.86088e+00
                               ERR DEF= 0.5
 EXTERNAL ERROR MATRIX.    NDIM=  25    NPAR=  7    ERR DEF=0.5
  9.928e-03 -1.680e-03 -5.456e-04 -3.630e-07  1.106e-05  2.078e-05  3.198e-04 
 -1.680e-03  2.185e-03  8.998e-05 -3.693e-07 -1.808e-06 -3.915e-06 -5.869e-05 
 -5.456e-04  8.998e-05  3.769e-05  1.693e-08 -7.742e-07 -1.329e-06 -2.107e-05 
 -3.630e-07 -3.693e-07  1.693e-08  1.277e-09 -4.013e-10 -7.292e-10 -1.005e-08 
  1.106e-05 -1.808e-06 -7.742e-07 -4.013e-10  1.820e-08  2.645e-08  4.357e-07 
  2.078e-05 -3.915e-06 -1.329e-06 -7.292e-10  2.645e-08  5.724e-08  8.543e-07 
  3.198e-04 -5.869e-05 -2.107e-05 -1.005e-08  4.357e-07  8.543e-07  1.377e-05 
 PARAMETER  CORRELATION COEFFICIENTS  
       NO.  GLOBAL      1      2      3      4      5      6      7
        1  0.90822   1.000 -0.361 -0.892 -0.102  0.823  0.872  0.865
        2  0.45763  -0.361  1.000  0.314 -0.221 -0.287 -0.350 -0.338
        3  0.97012  -0.892  0.314  1.000  0.077 -0.935 -0.905 -0.925
        4  0.30452  -0.102 -0.221  0.077  1.000 -0.083 -0.085 -0.076
        5  0.94244   0.823 -0.287 -0.935 -0.083  1.000  0.819  0.870
        6  0.96938   0.872 -0.350 -0.905 -0.085  0.819  1.000  0.962
        7  0.97328   0.865 -0.338 -0.925 -0.076  0.870  0.962  1.000
 **********
 **    7 **SET ERR         0.5
 **********
 **********
 **    8 **SET PRINT           1
 **********
 **********
 **    9 **HESSE        3500
 **********
 MINUIT WARNING IN HESSE   
 ============== Negative diagonal element 1 in Error Matrix
 MINUIT WARNING IN HESSE   
 ============== 3.23862 added to diagonal of error matrix
 COVARIANCE MATRIX CALCULATED SUCCESSFULLY
 FCN=-1.82826e+06 FROM HESSE     STATUS=OK             58 CALLS         475 TOTAL
                     EDM=3.2717e-05    STRATEGY= 1      ERROR MATRIX ACCURATE 
  EXT PARAMETER                                INTERNAL      INTERNAL  
  NO.   NAME      VALUE            ERROR       STEP SIZE       VALUE   
   1  alpha        5.86023e+00   4.14462e+00   5.00000e-01   1.72907e-01
   2  exp_coef    -3.42381e+00   4.83644e-02   1.14886e-02  -7.54277e-01
   3  frac_gauss   4.91405e-01   6.19092e-03   3.05543e-03  -1.71917e-02
   4  mean         3.09356e+00   3.59818e-05   2.17534e-04  -4.29567e-02
   5  sigma cb     2.04837e-02   1.33526e-04   2.97471e-04  -1.28357e+00
   6  sigma gauss   4.05300e-02   2.37264e-04   2.93422e-04  -1.16539e+00
   7  yield_cb     8.02065e-01   3.59091e-03   2.15132e-03   6.48674e-01
                               ERR DEF= 0.5
 EXTERNAL ERROR MATRIX.    NDIM=  25    NPAR=  7    ERR DEF=0.5
  2.426e+01 -6.348e-08 -7.283e-09  1.035e-11  1.640e-10  1.411e-10  1.362e-09 
 -6.348e-08  2.339e-03  5.520e-05 -3.394e-07 -1.121e-06 -2.936e-06 -4.710e-05 
 -7.283e-09  5.520e-05  3.833e-05  7.456e-09 -7.719e-07 -1.322e-06 -2.010e-05 
  1.035e-11 -3.394e-07  7.456e-09  1.295e-09 -2.287e-10 -4.304e-10 -7.298e-09 
  1.640e-10 -1.121e-06 -7.719e-07 -2.287e-10  1.783e-08  2.583e-08  4.090e-07 
  1.411e-10 -2.936e-06 -1.322e-06 -4.304e-10  2.583e-08  5.629e-08  8.162e-07 
  1.362e-09 -4.710e-05 -2.010e-05 -7.298e-09  4.090e-07  8.162e-07  1.290e-05 
 PARAMETER  CORRELATION COEFFICIENTS  
       NO.  GLOBAL      1      2      3      4      5      6      7
        1  0.00000   1.000 -0.000 -0.000  0.000  0.000  0.000  0.000
        2  0.37625  -0.000  1.000  0.184 -0.195 -0.174 -0.256 -0.271
        3  0.96446  -0.000  0.184  1.000  0.033 -0.934 -0.900 -0.904
        4  0.24167   0.000 -0.195  0.033  1.000 -0.048 -0.050 -0.056
        5  0.94113   0.000 -0.174 -0.934 -0.048  1.000  0.815  0.853
        6  0.96530   0.000 -0.256 -0.900 -0.050  0.815  1.000  0.958
        7  0.96676   0.000 -0.271 -0.904 -0.056  0.853  0.958  1.000
[#1] INFO:Minization -- RooMinimizer::optimizeConst: deactivating const optimization
